0
0
3
1
6
0
1
1
14
31
113
7
1
8
0
4
25
24
0
0
2
3
20
10
10
3
31
2
6
9
5
2
14
0
0
0
8
12
14
3
0
3
25
10
2
6
3
0
3
11
22
10
20
25
4
0
4
7
2
3
5
0
0
2
0
0
7
0
60
4
0
0
0
0
0
2
17
54
11
45
3
2
0
3
2
0
22
1
51
157
3817
4279
1297
3
2
0
0
1
549
2689
2729
2605
1846
11
39
16
1
41
40
4283
295
3
1638
366
6
14
14
35
15
19
22
20
8
32
24
6
1014
588
123
126
1787
231
121
91
369
5986
4386
3173
2629
2824
3166
15913
27292
667
9225
9248
9706
17431
14872
24535
29914
23590
20400
16425
15299
11682
14016
24652
15351
15961
17546
16275
17223
27579
25625
11818
10104
11878
13951
21101
16366
14526
15436
14114
16349
16746
18170
16103
17480
23842
22371
13914
19565
16711
11741
9599
9313
11313
80139
26437
18650
15183
45381
26810
19502
17071
23584
21920
17951
17127
13700
12455
9668
12942
10703
15514
12826
9437
9787
14453
16993
31353
27505
22141
18371
12530
13035
13404
11859
20301
21479
50587
78515
44524
61887
42169
37221
44401
51089
41435
37241
38548
36341
41909
47253
67672
37970
38919
42967
33201
45798
30093
26659
21138
31358
27424
24008
19253
17068
18801
20417
15742
18147
41936
22680
19950
16740
13231
11699
16760
15318
15043
14377
14073
11668
13797
18871
16171
17053
15773
12031
11076
13357
14760
15754
15662
16287
23287
19345
15217
10211
15125
10941
8753
10651
21250
13649
14026
15887
19041
14435
13503
9630
10474
13173
11403
12225
12461
13388
10736
10081
11218
11366
11965
10089
10782
9372
9225
15755
12834
13546
18600
16742
11131
12568
12851
12456
11002
10640
12983
11402
9513
13495
26077
37938
18069
17154
13380
12489
23271
34237
41500
84427
91288
169718
102298
134848
157854
217288
184544
229933
188017
160770
160024
115195
116300
151844
118303
96303
84631
131288
130402
125793
131821
169551
186079
215451
154903
144660
192639
195978
160848
168389
173133
178091
154805
155478
212184
203846
157700
146319
208186
172081
172188
170813
194298
161068
153561
251518
285422
229308
192434
219455
180294
230529
250070
244210
201622
176739
224402
182453
161121
196489
188584
283279
286179
420001
329813
331435
360481
470623
314319
283370
277968
260017
287583
255203
279974
297357
304436
343850
382106
309120
556581
453806
466196
353876
329236
519992
393929
514023
459272
534001
664674
519677
587912
669756
610864
608527
603653
643920
700988
516142
506723
541509
539943
549246
548172
627682
655752
493018
639438
615379
750855
700843
668402
626314
625384
722863
717077
731079
734852
756012
693769
703048
877021
893548
959720
827044
649323
496372
556615
665344
696089
601794
586505
558763
515658
675179
696446
677192
728119
737200
894876
696913
626947
663005
670971
685423
609509
680696
726921
806896
1010496
810977
811164
762659
812009
829590
718996
748197
729935
943782
1100404
827066
911356
831052
904472
969814
920330
892769
938969
896925
983514
1070358
1081911
1004574
1045208
1016129
1007360
877147
817097
946246
934818
954536
915502
942811
996667
1024820
993342
1027578
1040061
1018962
976726
987886
1041081
1031112
1075955
1076987
1060451
1015134
1005864
787900
727287
755018
747298
782101
776855
786563
844881
861336
783544
818059
812355
814822
774910
821038
836847
833564
845988
835511
811431
807266
870440
872046
894353
1083198
935283
1147215
1022657
1048955
1072653
1121802
1104050
1088292
1038543
995170
993627
1004082
1022910
1076010
1076219
1092884
1084982
1045110
1007879
1040452
1021526
1011859
1025672
1005459
1034635
1035397
1013451
1001804
1016275
1014313
987503
984778
981191
1023817
1053828
1140325
1068739
1017510
1046329
1040393
1101551
1145519
1011785
775212
705485
680345
624832
653289
629297
668414
548838
511302
550791
508244
518155
567621
559074
498292
479182
523957
502204
482844
441571
439290
422717
424779
471119
462511
425129
424481
453746
490957
543455
766061
530892
508626
426125
391230
506814
436526
463987
441989
466852
489300
487579
407269
387372
398456
399600
417290
428027
400504
388656
393968
391882
380463
363475
355727
346327
324114
322828
362195
361397
338581
334926
327349
357658
369238
438080
460917
452282
529399
486472
656585
763552
755292
735353
863544
736073
786474
880321
889755
801339
826700
824708
866291
1220714
1225300
1198583
1261919
1384941
1334031
1550397
1505829
1438269
1487324
1428024
1449905
1471108
1068424
1079221
1075542
1203047
1224472
1410538
1394153
1397835
1632348
1781808
1614325
1567293
1675561
1710714
1917631
1898050
1745477
1859353
1621006
1940065
1692116
1604718
1874180
1979797
1782418
2073139
2235673
2254923
2423658
2504381
3757503
3044543
3302286
2687530
2323038
1966610
2334150
2165566
2138195
1590223
1594950
1576255
1582615
1580475
1658849
1525962
1439103
1397823
1594290
1936144
2130841
2060360
2133266
2158356
2204850
2031248
1720491
2125186
1960488
1990755
1999985
1886376
1932862
2031821
2036928
1997284
1940939
1959383
1979845
1779003
1707814
1919997
1987154
1970043
1924149
1964500
2025745
1983691
1993504
2023231
1936838
1903533
2118544
2200765
2016954
2037954
2016280
2078152
1991654
1982540
1380288
2036851
2059970
1879640
1850004
1920706
1901941
1827777
1917192
1905817
1869833
1901323
1924841
2682191
2955492
2984369
2915211
3055542
3126520
3031760
2646817
3341464
3522345
3563071
3635774
3626705
3491065
3501997
3266174
3144469
3161848
2982981
2948930
2821422
2763489
3232598
3124339
2796572
2596521
2586970
2607345
2489124
2588695
2607337
2639332
2586988
2623938
2667557
2547314
2446024
2425010
2185704
2173381
2142693
2120246
1797401
1652862
1413277
1388808
1454949
2142782
2069309
2078099
2147887
2050058
1640865
2099250
1940119
1912808
2022384
2026072
1993038
1961778
2027714
1976569
2058157
2055624
2030967
1995878
1966303
1400804
1808449
1774767
1840326
1759492
1805641
1697006
1683248
1736191
1768950
1747621
1785747
1817578
1811779
1784793
1842409
1895637
1788531
1901914
1833353
1771196
1758131
1703568
1799576
1795347
1779487
1694109
1815306
1792401
1804038
1750387
1750705
1856269
1844029
1863391
1987043
1875558
1855246
1842044
1671715
1665494
1821611
1991802
1966408
1930450
1942104
1896353
1286528
1905378
1809522
1573302
1861263
1904274
1914848
1989404
1950594
1897003
1917624
1966932
1859627
1887338
1935765
1511642
1724442
1787927
1411362
1489547
1693685
1425114
1287835
1242979
1204916
1584122
2028173
1822224
1996039
2062993
2057795
2064624
2062859
1901719
2076877
2128971
2127317
2080262
2137553
2105514
2068727
2088065
2084321
2030361
2044097
2052716
1972819
1996610
2094437
2063739
2095899
2076780
2087010
2117429
1851017
2105163
2138328
2121962
2108319
1218887
1342698
1391145
1384888
1405275
1324044
1306769
1331053
1295795
1281240
1250979
1152371
979605
1042397
1116065
1158589
1050154
1167809
1056862
1072578
1047490
1010500
1120003
1188922
1283163
1202232
1129976
1116181
1067446
1077319
1210101
1123158
1065171
1052422
1005865
1074484
1100490
1151012
1073295
1096589
1133755
975716
939840
1008062
1002531
938146
985527
1003366
1018254
1082002
1100937
974248
987382
1000082
1105752
1016346
997518
984409
895704
966937
1018062
995199
969050
935547
1003328
942865
939844
908819
866593
794139
804880
875215
871601
932887
960335
959977
893409
899707
967510
918302
868231
958999
864883
819534
866746
901458
887992
896050
960701
950671
835875
843301
878466
924929
876496
817001
806066
815403
737596
797170
817219
792706
888563
787046
746835
753016
790562
954158
803016
804179
730289
711393
766525
807500
816927
791528
782352
739595
729282
710399
789939
759472
758388
723312
736735
720162
751983
840056
772557
773335
812332
824277
759335
809789
883435
1152071
1201137
1015278
1163814
845102
742207
739517
744029
754448
747701
686993
693208
693662
787726
820371
807362
857930
957562
873733
901800
970199
1004318
914638
890832
1027117
1040840
822925
1016337
959716
967251
948684
967379
919679
899347
1055089
993003
934558
978613
865268
880569
995463
1034334
972489
1053084
1075069
1067845
1175224
3023647
6451859
6550412
7124679
3435630
875801
1137067
877785
824295
837401
874891
844726
930079
866370
870429
1001432
1113882
1285951
2812156
5114156
5683328
3733825
2335313
2737523
5705404
6504131
6977507
7133973
6615522
7152213
7404324
7424287
6996682
6703907
6950413
6937671
6779617
5120343
5105108
2840193
2470712
2299648
1928839
3658894
2256508
1740843
1365360
1301780
1145425
1151773
1154205
1067128
1093031
1310327
1416790
1268302
1118496
1240878
1323868
1220315
1073392
1032152
969994
940204
1115646
1402703
1348934
1248748
1401445
1313368
1177999
1115058
1247253
1106832
1366843
989861
959348
930670
1391187
2045371
1583277
1907698
1324230
1473095
1165894
1328728
1628454
1282371
1176175
1263492
1029934
1046442
1325524
1730854
1524187
1695352
2991794
7224918
2214831
1377979
1435333
1454261
1309659
1500362
1688528
1796964
1826274
1959846
1923896
1790278
1742367
1431551
1295115
1710895
2439254
2409429
1685685
1827902
1659678
1501203
1725569
1795002
1582286
1437135
1364523
1193883
1209294
1392492
1370371
1240289
1319604
1386687
1167253
1132119
1480690
1575159
1248528
1231711
1267081
1182998
1219684
1244664
1302130
1263456
1266044
1220719
1326003
1445986
1348700
1305370
1266766
1244326
1303486
1159593
1150851
1211826
1130595
1180115
1076366
1074431
1025487
951212
1031046
1109601
1162414
1038112
966160
960870
882638
1021261
1008995
1015872
1012517
1012266
866953
916490
1114178
1035718
1026993
910809
1008394
1038337
942718
1049849
1156449
1198642
1197549
1086562
964099
1012585
1077181
1072824
1021766
1101980
1079137
936457
951716
996673
1022790
1113839
1103402
1089112
938603
897152
1038025
1157908
1149885
1098461
1162984
1004526
1024375
1141152
1194858
1123055
1129594
1167268
1061211
1065550
1271113
1127889
1080967
1121563
1164287
1035045
1088791
1142419
1085592
1288752
1207384
1400706
1215988
1231537
1348082
1277770
1290435
1296210
1245152
1105393
1117242
1271350
1315817
1288511
1325017
1310826
1218551
1374984
1435001
1420646
1365182
1417380
1345323
1380026
1323193
1471186
1413002
1428303
1538297
1551339
1458057
1429838
1803672
1434604
1422078
1422512
1419668
1289699
1361827
1223711
1353953
1352571
1329821
1236261
991316
1230225
1419061
1347074
1266458
1407967
1345483
1153257
1034865
1132257
1198762
1239946
1164637
1182653
1039029
1128202
1096946
1279573
1282601
1270993
1324276
1075573
1135846
1302486
1188521
1212032
1180467
1129938
978268
1020579
1191136
1173650
1255772
1463742
1688459
1436846
1475023
1556907
1517300
1498690
1544753
1559696
1415349
1428007
1555797
1530276
1582049
1494746
1396385
1271248
1333006
1543796
1499347
1473275
1498592
1479665
1466396
1517998
2172056
2921944
2799237
2890455
2536812
2634193
2720611
2816216
2984600
3087439
2893535
3121202
2787368
2677714
3138452
3159793
2782051
2659825
3054393
2867489
3037569
2786273
3003537
3201965
3104578
3382623
3513079
3317696
3546167
3483502
3571365
3239667
3069173
3301093
2089783
3585501
3279341
3030691
3197615
3810485
3732775
3370636
3353511
3635629
3691353
3257927
3326898
3679909
3278394
3376367
4232354
3479964
3845895
3552342
3823232
2979619
3895240
4015079
3535902
3811517
3156689
3681833
3327751
3621723
3582155
3369071
4109833
3778677
3404939
3782485
3877934
3268269
3610879
4086110
3552215
3702972
3589001
3523601
3245879
3733130
3741887
3793225
3458408
3770709
3435802
4056306
3916850
4104276
3922604
4000212
3779380
3917586
4063554
4164614
3617091
3524274
3706500
4293010
4078920
3793865
4114670
3761783
4052595
3681432