5.25
3.52
4.59
4.72
4.52
4.65
4.21
4.14
4.33
4.16
3.91
4.02
3.97
3.99
3.54
3.45
3.92
4.25
4.03
4.10
4.42
4.48
4.16
4.13
4.05
4.21
4.13
4.06
3.81
3.96
4.34
4.24
4.19
4.15
4.15
4.12
4.06
3.78
3.73
3.64
3.68
3.62
3.34
3.17
3.35
3.60
3.41
3.47
3.41
3.58
3.49
3.43
3.69
3.50
3.55
3.71
3.85
3.75
3.64
3.71
4.02
3.89
4.08
4.25
4.06
3.54
3.59
3.64
3.70
3.69
3.57
3.75
3.82
3.54
3.64
3.60
3.39
3.12
3.25
3.14
3.24
3.34
3.35
3.14
3.30
3.34
3.21
3.41
3.46
3.31
3.09
3.08
2.95
3.10
2.95
2.92
2.90
2.96
2.93
2.92
3.27
3.74
3.50
3.48
3.61
4.26
4.59
4.48
5.79
7.21
6.56
6.47
7.74
8.48
9.40
9.38
12.84
13.18
12.70
11.75
12.39
11.34
12.74
12.89
12.50
12.19
12.20
11.18
12.00
11.63
12.06
13.50
13.22
13.49
14.86
15.31
17.93
18.05
23.81
30.22
31.74
54.81
46.95
48.53
42.96
38.18
37.94
36.14
36.89
41.08
38.80
35.91
36.19
32.24
27.55
29.93
26.74
25.97
25.81
24.01
27.48
27.16
27.24
25.76
24.32
24.92
26.68
25.66
34.40
29.62
30.81
27.99
30.88
28.92
28.94
33.08
32.68
33.20
37.32
34.21
32.82
29.20
28.46
25.87
25.81
28.28
27.67
28.73
29.53
29.65
28.74
28.25
29.03
28.17
29.19
31.29
31.54
29.50
30.76
31.48
31.81
31.59
33.81
33.67
38.39
37.03
35.52
33.98
29.35
26.20
27.44
25.81
23.99
23.59
21.83
21.63
26.45
27.96
28.31
27.94
32.86
31.86
31.30
35.88
30.43
35.36
38.04
37.95
38.45
38.96
34.69
36.85
32.55
35.07
37.00
34.46
36.32
33.67
36.90
23.23
25.10
21.85
18.82
15.70
19.42
19.47
20.85
19.08
16.70
16.19
16.54
18.16
17.76
18.68
20.26
18.27
17.24
17.37
15.54
14.81
15.40
14.20
13.42
13.53
14.75
15.11
14.72
14.07
14.85
13.64
13.38
13.93
11.21
10.55
11.46
11.49
10.25
10.33
10.95
11.32
11.92
11.96
11.20
11.13
11.51
12.35
12.04
13.37
13.11
12.10
12.54
12.03
12.44
12.16
11.91
11.79
11.39
10.81
10.96
10.70
10.19
9.64
10.43
10.83
11.08
11.16
11.25
11.46
11.94
12.32
12.42
12.99
13.55
12.85
12.98
12.56
13.70
13.85
14.77
15.85
14.83
16.19
16.44
16.71
16.59
18.05
18.04
18.77
19.08
23.42
30.00
30.69
39.12
43.81
43.73
46.48
55.56
46.27
41.37
50.17
50.19
47.44
41.40
39.51
42.49
47.66
45.89
47.21
48.18
47.10
37.85
37.03
40.76
49.34
57.09
59.17
53.19
51.51
57.92
67.59
70.10
69.04
70.07
57.22
58.99
74.08
76.45
72.41
68.40
66.88
66.40
61.54
65.47
66.62
67.72
69.17
68.73
65.34
64.64
60.05
61.49
60.42
60.57
56.56
55.30
54.33
54.99
56.22
56.36
57.58
56.08
55.53
56.83
59.63
61.53
65.56
65.42
64.61
69.73
68.89
61.94
64.46
64.80
62.49
64.60
65.10
67.88
76.39
79.53
74.26
78.60
87.88
91.46
88.79
85.84
88.52
84.97
97.62
95.61
93.62
97.67
107.99
100.68
112.30
126.00
128.87
135.27
123.88
115.19
119.21
104.33
113.74
110.63
120.81
121.01
119.79
107.89
108.52
93.05
86.41
93.27
89.70
93.18
85.46
80.77
86.51
88.08
79.09
87.22
101.29
98.29
110.77
115.96
107.59
113.53
123.27
116.68
121.48
114.93
114.83
115.08
113.90
107.05
103.16
101.73
109.42
114.30
113.18
108.09
103.30
97.37
95.17
86.80
83.91
89.29
84.46
89.64
96.02
89.76
90.40
93.08
92.32
86.66
86.02
82.64
79.42
66.16
59.84
64.90
63.09
68.00
65.89
64.74
67.07
71.96
68.04
69.91
73.37
67.87
68.47
77.88
77.10
79.05
83.18
86.45
90.18
91.18
81.81
81.31
77.93
81.89
93.01
95.41
88.28
83.76
85.08
77.38
70.10
74.43
73.49
76.50
81.05
81.79
75.08
84.61
86.85
83.39
78.61
75.56
76.67
72.46
71.82
72.98
77.61
73.95
71.20
70.94
68.04
69.02
69.81
74.12
79.47
85.72
89.58
84.75
86.19
83.98
86.02
87.57
83.58
86.02
89.98
89.59
92.88
95.72
97.40
96.81
95.91
98.14
96.05
90.99
82.94
87.66
83.75
84.56
80.99
74.36
76.33
80.19
76.83
77.44
77.79
75.44
77.74
80.32
78.24
75.03
74.02
72.81
71.53
72.88
68.69
69.84
67.28
63.37
57.02
58.80
60.35
59.62
67.23
59.01
56.98
55.03
51.58
41.24
44.50
31.07
30.19
32.23
33.88
36.53
32.49
34.34
29.51
30.36
28.75
29.83
31.68
29.02
29.03
27.20
23.43
22.54
24.73
26.12
27.68
26.40
23.65
24.62
22.98
24.55
24.15
25.98
24.57
24.48
24.40
22.05
19.87
17.27
16.09
16.53
18.31
15.77
15.97
14.80
16.16
17.07
16.89
16.05
18.28
20.46
21.34
19.72
19.31
18.09
17.76
16.97
16.09
16.30
16.64
17.90
18.04
19.15
20.18
19.72
19.89
19.16
17.32
16.73
18.81
19.75
19.35
21.24
20.61
23.97
24.73
23.58
25.01
23.64
23.62
23.82
20.89
20.71
23.40
24.23
24.50
24.25
23.74
23.59
22.85
23.04
23.36
24.97
26.65
27.90
27.94
27.42
29.17
28.55
29.34
29.17
28.18
27.89
27.12
25.56
24.19
22.44
22.30
22.97
22.56
23.50
23.01
22.99
20.67
20.03
18.52
19.33
19.38
19.14
19.31
18.87
18.90
19.01
19.44
18.21
19.01
19.14
20.40
20.46
20.69
21.39
18.87
19.12
18.20
18.06
18.48
16.72
17.28
16.65
16.54
17.70
17.97
17.60
17.32
17.57
17.29
17.25
17.34
17.21
16.96
16.53
17.16
17.45
17.39
17.05
16.90
16.79
16.90
16.22
15.96
15.95
15.67
15.67
15.43
15.75
16.18
15.87
15.06
15.14
15.70
15.69
16.31
15.76
16.64
17.02
16.90
18.34
18.30
18.25
19.29
18.63
17.92
18.04
19.39
19.60
18.25
18.08
16.02
12.86
15.37
14.09
13.08
13.00
13.12
13.50
13.06
12.85
12.99
12.87
12.17
11.82
12.33
13.07
12.94
12.81
12.76
12.84
12.45
12.47
13.16
12.90
13.58
13.41
13.93
13.60
13.68
13.27
13.42
13.46
13.48
12.99
13.00
13.76
13.70
13.18
11.81
11.96
11.93
11.40
11.95
11.71
11.84
11.79
11.67
11.69
11.71
11.65
11.21
10.98
10.86
10.89
10.87
11.16
11.38
12.08
11.74
11.77
11.74
12.08
12.19
12.73
15.86
15.45
15.97
16.94
16.80
16.75
17.14
15.83
16.18
17.50
16.88
17.36
17.98
17.00
17.79
18.10
21.20
20.54
21.01
19.74
19.81
20.94
21.21
21.37
21.03
20.09
19.56
20.85
20.11
17.91
17.78
18.02
17.77
17.64
18.15
19.95
18.61
19.47
19.55
19.82
20.83
20.97
20.32
19.70
18.39
17.95
18.43
17.89
17.09
17.77
17.47
16.67
16.14
16.14
16.50
16.18
15.12
14.42
14.84
14.62
16.27
16.53
17.21
15.61
15.87
17.69
17.03
17.55
16.67
17.49
16.79
17.58
16.98
16.91
17.12
16.48
16.72
17.31
17.24
17.71
17.81
17.27
17.11
17.65
18.02
17.99
17.62
17.47
17.56
17.94
18.15
18.26
18.84
19.23
19.10
20.19
20.53
21.22
18.98
18.30
16.94
17.22
16.85
16.93
17.64
17.19
17.73
17.57
17.49
17.10
16.65
16.85
17.21
16.93
17.40
16.62
16.45
15.44
15.34
15.54
14.97
15.20
14.93
15.03
15.09
14.90
15.16
14.69
14.68
14.63
14.32
14.67
14.71
14.15
14.09
14.33
14.57
14.91
14.47
14.43
14.11
14.10
14.50
14.58
14.79
13.89
14.67
14.02
13.93
13.76
11.69
11.58
11.51
11.80
11.39
11.40
11.54
11.62
11.34
11.48
12.12
12.90
12.66
13.29
13.02
13.44
13.16
13.19
12.34
12.67
13.02
13.00
13.12
13.25
13.03
12.66
12.39
12.75
13.64
13.58
13.39
13.27
13.02
14.11
14.65
14.84
14.29
14.40
13.81
14.00
13.87
13.96
13.52
13.55
13.11
13.34
13.27
13.15
13.23
13.24
13.12
12.82
12.88
12.54
12.44
12.39
12.43
12.58
12.45
12.68
12.62
12.48
12.44
12.39
12.26
12.35
11.81
11.37
10.58
10.81
10.81
10.88
10.36
10.13
10.33
10.12
10.04
10.09
10.21
10.37
10.81
10.40
9.98
9.93
9.91
9.88
9.80
9.92
9.95
10.08
9.92
9.84
9.46
9.23
9.22
9.29
9.41
9.43
9.38
9.10
9.11
9.21
9.05
8.83
8.86
8.90
8.79
8.94
9.04
8.92
9.27
9.18
9.24
9.74
9.32
9.42
10.11
10.14
10.66
10.36
10.08
9.54
9.53
9.30
9.12
9.16
9.14
9.18
9.40
9.11
8.91
9.07
9.22
9.64
10.08
10.59
10.33
10.53
11.05
10.60
10.99
11.38
11.46
11.34
12.23
11.88
12.11
12.22
12.34
13.08
12.82
12.99
12.96
14.74
16.81
19.14
16.12
17.05
20.70
21.71
21.98
22.00
22.87
20.86
19.03
20.80
20.63
20.90
21.37
21.07
20.37
20.69
21.11
21.39
21.86
22.26
21.94
22.67
24.55
26.20
26.28
30.45
31.91
37.15
38.02
37.49
38.96
39.30
39.73
42.17
40.55
41.15
39.75
43.47
45.98
45.38
48.05
47.71
48.21
44.43
42.42
39.83
40.18
39.35
38.54
41.94
40.61
36.81
38.74
36.48
34.64
33.64
36.11
34.66
38.54
39.31
35.89
36.49
35.25
35.58
35.57
36.03
33.56
32.70
32.87
32.52
29.49
30.61
31.19
30.47
32.25
33.28
34.81
36.07
35.21
33.15
33.82
36.76
35.94
34.83
34.50
34.14
35.29
35.42
38.02
40.23
39.73
41.00
39.75
42.26
41.59
40.28
39.77
40.29
39.51
38.52
37.61
36.77
35.91
36.76
37.45
39.32
39.26
40.38
40.97
42.73
44.38
42.60
43.14
39.49
41.57
43.26
42.71
43.01
42.08
49.09
55.51
54.84
53.95
58.37
53.41
58.37
60.67
53.57
57.08
53.79
53.45
53.46
55.67
57.76
55.80
54.08
54.63
53.38
52.95
54.08
51.40
46.88
45.89
46.53
45.34
48.19
49.32
49.86
46.46
47.31
46.03
39.37
33.97
37.32
35.18
34.77
33.59
34.87
34.67
38.33
37.15
39.19
38.30
36.36
35.59
34.40
34.45
33.93
35.28
32.69
33.29
33.59
35.57
37.37
37.37
37.11
35.31
34.01
35.06
33.71
33.49
33.12
32.45
31.56
34.67
34.45
36.45
37.24
35.60
40.14
41.20
39.97
38.50
37.99
38.28
36.73
38.23
36.98
36.14
35.95
36.00
35.72
34.89
35.03
36.06
36.57
35.88
33.51
32.28
32.99
32.27
31.55
33.26
30.98
30.28
30.01
30.06
28.45
26.60
26.93
27.56
27.47
25.61
25.07
24.78
25.40
25.80
27.88
27.91
27.73
29.32
28.80
28.67
26.48
24.43
25.13
27.44
25.74
25.21
26.44
25.76
25.21
25.98
25.87
26.33
27.85
28.03
27.24
27.12
28.18
29.11
32.65
31.89
29.84
28.39
27.24
28.73
28.04
27.40
26.97
26.32
25.70
25.70
23.57
22.66
21.24
19.55
20.90
19.85
22.76
21.75
21.58
20.41
21.28
21.39
20.96
20.13
20.39
20.70
20.82
21.23
22.26
23.54
25.23
26.52
27.14
26.93
25.95
24.10
23.45
22.89
23.29
22.81
21.43
22.37
21.38
21.91
21.36
21.16
21.80
23.24
23.85
24.35
23.28
24.02
24.93
25.34
23.79
23.52
23.78
24.72
26.68
27.67
27.79
27.30
27.39
28.47
27.29
29.16
30.45
29.30
29.06
27.70
25.83
25.34
24.66
26.27
25.68
26.95
26.55
26.34
25.76
25.84
27.43
28.62
29.06
29.07
28.22
28.02
27.28
28.10
28.10
28.97
27.75
27.61
26.72
26.80
24.90
25.38
25.74
26.24
26.86
26.17
24.99
24.77
24.11
23.52
22.73
24.00
27.03
27.40
28.81
30.40
31.91
35.76
33.96
33.16
31.19
33.14
35.17
34.72
35.50
34.27
33.61
35.85
43.24
41.48
42.11
41.33
42.70
43.83
42.78
44.88
44.85
45.13
52.31
50.95
52.86
50.36
52.57
51.63
54.01
45.08
44.63
48.49
53.14
52.78
49.85
50.74
48.99
47.91
42.76
38.80
39.84
37.41
36.52
39.06
41.22
40.23
37.30
36.50
37.68
35.79
35.91
35.63
37.69
39.23
41.91
42.64
43.08
44.08
39.18
37.41
36.20
36.68
37.12
36.54
35.30
36.55
39.84
40.05
41.38
39.20
35.63
35.98
36.96
36.78
35.56
35.34
36.60
37.98