22.99170497
23.622910426
23.163433627
24.66651194
24.64635904
20.516723361
20.967279425
19.407432438
23.236376314
22.314875279
23.008803421
24.486045254
24.413842604
25.389281088
28.453207781
31.117471967
31.213230898
27.176244223
27.855080773
26.791783085
27.095157661
27.202934633
26.429360502
23.533250188
24.026975887
22.810300091
24.518301019
24.625905335
26.178592183
26.194385295
26.849458384
28.784261162
29.241127996
27.458999283
27.247630488
28.220218346
28.973667567
28.602977523
27.67315432
27.674012587
27.691576992
28.389814113
28.26150653
28.505951909
30.67613743
30.685528189
30.875864202
31.223457538
29.980351055
30.235066948
30.644145204
29.909175355
28.774231585
29.640987507
30.568600469
30.599483406
30.555200559
30.068355995
31.111160171
31.580052146
30.383164679
29.821938545
28.497481231
28.385867535
28.383207089
27.901510425
26.860327392
26.85036419
27.660412044
28.931312481
27.694902164
28.272832382
27.977646263
28.151111808
27.939048497
27.54431384
28.192835004
27.95381965
27.601590117
28.022273803
28.496923305
28.069265693
28.046442178
28.851114685
30.451555407
29.977302282
30.894363176
33.740144046
31.385733841
28.18373676
28.488120963
29.111773054
30.112082957
31.244953205
30.133562238
30.28595059
30.651721259
29.155130399
29.723248922
29.486254405
29.354914758
27.667851741
28.195810636
27.698504634
27.386150402
28.159466955
29.050455886
29.970133365
29.525758164
30.447252032
30.151922996
30.953680574
33.285712261
34.18992897
32.303139741
33.509890581
31.298017131
32.496950509
33.157660527
33.512401766
33.497443815
35.916069083
38.837569634
38.150926971
37.39459109
37.907080195
38.340782771
41.073833462
39.962913756
41.700027773
42.182862845
43.399503662
42.466680099
44.009471857
42.584100986
38.453925524
38.114272196
40.22565374
41.761075274
41.002113476
43.22802604
45.611289376
45.262553458
42.909144502
42.516660637
38.763739006
40.767130007
40.776642356
41.847546368
41.438890667
41.536996971
41.062006106
42.393372748
42.736771048
44.616661436
44.248361112
51.466236534
50.912193433
52.318462421
55.773623626
68.338956604
72.631878979
68.250501718
79.498018889
107.735533774
129.133611918
123.805444657
136.480521456
133.322626656
136.614742532
129.375018313
129.775046573
163.622670326
194.52978782
338.066136134
257.390090754
295.600353781
268.391996764
228.724347833
255.47671841
235.367775597
221.911998526
226.726865766
209.775556098
256.182524147
240.93415137
241.75975168
230.26650906
226.939847851
226.656267597
240.06199746
240.61622415
294.720233956
278.401340116
288.472838604
264.080531575
277.103745481
265.974023562
253.499292413
259.050404043
270.923432491
262.651995694
263.578794843
265.26846806
265.054033234
256.948648904
255.277867876
248.350719578
234.237038479
254.701584322
269.395913202
268.680600411
274.956856043
309.411284978
302.745193425
335.834185253
336.95153098
320.538781188
349.045404441
367.458027231
404.460506782
377.005035019
418.137721702
451.210857274
471.835823444
522.903694204
598.553497341
553.123714407
541.560514336
542.999425037
510.82383244
516.78655553
480.417752781
503.647777468
580.458871225
550.888793088
513.6206366
527.780540425
499.323274395
506.04730741
533.583525156
568.966919905
562.577779751
599.878911764
624.576535214
619.030889355
622.587766598
675.098973805
608.632897867
651.830237936
635.543298622
625.094395903
645.058576175
661.891709321
634.589453013
672.637825161
602.435787547
569.752182219
602.905077703
563.505299831
563.878710635
513.879521589
510.07736524
347.446366063
390.405548916
322.286746263
301.270199005
261.262253449
343.515323853
342.961206468
378.072387907
367.292286523
330.47364528
305.848975084
325.574027135
353.081175871
361.665654806
402.610388795
428.930010621
392.280883227
388.330190757
392.026501241
356.261414681
353.762400467
376.187367125
352.391878628
346.077026335
345.045726699
365.24764664
371.004237623
369.019734414
346.439338419
353.212644437
337.634792739
335.070181194
340.228158434
274.270556863
261.432239615
296.1273022
308.793610509
284.07823075
277.399632312
289.224866969
291.029835285
300.923925573
303.74244266
289.192450693
288.172172944
298.415044357
308.25871618
304.023264604
320.36702982
328.288314907
311.533195839
318.310756914
317.674356054
322.219354765
317.758646299
308.860313883
309.433965005
314.636231843
302.393869499
300.924279311
304.266231668
282.237041363
266.398094372
293.843191162
293.801665391
297.640029165
301.473899474
305.467458362
302.958561514
313.496289736
313.713483272
317.11529159
322.743757715
334.985028516
332.372640018
331.452599995
323.099800818
334.979505349
338.281868774
342.275209309
356.219011289
341.456497319
354.866810822
372.732123639
391.944452995
385.11114348
410.211231388
409.323952309
413.352941129
416.909348512
401.410843824
401.11859918
430.262894633
453.529761117
450.152782312
448.546049858
499.647192244
472.567899408
503.060019431
483.594780974
494.491026755
486.113510626
481.112307273
461.074132806
466.325068193
490.190309742
484.923037821
487.502815536
499.232208323
502.647899311
497.362997207
418.719904123
414.015084725
421.904346204
401.633874077
404.145476746
417.784666735
400.888295505
414.29388624
429.926984938
424.92863463
405.924662283
411.492150325
409.865674198
363.892818774
343.888377819
378.304383892
384.850509384
355.751217622
351.319771636
344.560468359
335.637080746
332.206963551
368.211371367
387.518352468
421.467512585
429.350531424
431.449015813
427.545861517
443.435447729
435.262006092
439.932647037
418.317343062
422.312499601
404.32984208
412.904166217
440.367327822
469.572148336
471.839047584
476.060436859
467.813920636
470.603742333
484.962830766
488.57586986
503.12263902
472.693206361
481.152529001
484.835853248
477.970401558
487.152115414
478.44458996
450.856094136
491.714040737
529.288247223
526.943922775
524.704932514
551.28856786
555.342758658
569.416459346
561.075543936
607.388311287
636.054095735
650.495518742
654.548009393
636.927617911
611.442280988
629.711419822
629.095105177
652.233781781
654.625195826
635.706010189
591.349112808
580.013314725
530.957012963
584.292602127
605.528617045
590.254118907
559.988849189
593.486691664
591.413828405
638.168273374
585.565593002
598.065882653
611.448233585
623.819158431
624.047887142
627.529813527
620.507087109
596.404366285
567.249517948
555.821270393
588.434826378
578.539994634
604.99156703
574.641806153
553.613387716
564.278255494
569.000426311
522.837622669
527.28759462
539.356580859
526.941835314
526.485478915
536.187168222
530.118742248
526.597852457
530.006407505
534.698136736
549.826581719
542.698359282
548.744945069
547.476499943
564.677803044
536.175330682
514.186486321
518.371641138
511.80476698
528.86565384
531.645840128
513.236430943
508.801804807
476.579002017
474.785145007
448.578839554
430.929422336
439.156625816
425.310879763
463.427554737
486.906384927
476.59756744
490.058745023
495.224867157
498.599860699
476.394551906
471.758450978
464.389296298
441.541757207
383.864049347
359.013441949
383.377370936
372.503200622
385.104842804
376.454713513
391.343165563
386.637467096
390.159356597
378.337019356
376.510477763
386.42137001
367.78060889
370.675916195
400.053692897
414.642149899
419.739267192
433.956419896
409.411375506
422.310358063
415.517096048
400.97470111
403.395777647
399.293629731
403.577209203
433.472814464
428.818087572
402.668552473
399.963964836
400.69407383
381.575363042
356.956376732
374.429568515
367.525168825
361.338073497
375.036081372
373.707966145
361.294865952
395.812102822
409.352849733
409.281669154
402.977584108
375.026757504
385.440555448
375.282106111
381.519857501
381.743622625
393.611787017
371.968254609
372.365436033
372.861142792
362.342136841
372.983591519
371.551066475
385.651946371
392.376208053
397.632314678
399.603862569
390.733936152
396.484704164
403.974420321
407.726448809
413.51993836
410.970608441
415.640861013
429.792041586
429.884089356
434.269132594
442.792745023
428.763372
446.517208779
436.634609295
449.051777345
447.402175428
446.692827658
420.521417535
437.092422415
421.468652448
426.921553209
419.822851928
394.054703148
414.591506167
423.542876796
415.280496163
417.56535509
417.729256129
407.526602276
416.923677534
422.18168589
418.297296741
405.007526364
407.298287683
401.840694822
399.069074725
404.606784012
385.027612506
391.285542945
406.326687871
392.964374927
378.734684522
390.865145642
389.804759915
383.709853671
402.619520469
379.212364401
379.81681129
366.256221579
355.665581931
301.283755821
318.958393833
269.006696567
269.772800926
291.055384017
298.359218196
311.975626729
298.165819208
306.535843445
288.249178406
307.630493551
302.908433573
312.815428932
319.849439046
317.747187528
328.299587248
326.182222227
307.824192667
301.26705096
309.036609716
306.149027393
322.188614245
321.677447505
300.880791344
308.089066723
298.447625033
301.844919985
298.815643524
295.589546613
290.925345609
288.9760035
289.802259401
286.081230552
269.864619069
256.082807822
222.637751913
223.454258948
232.696663435
209.833720099
216.153066653
197.376506252
214.770382331
217.192946241
219.480240513
214.568825243
229.084073507
240.946409062
239.917456691
234.532197254
233.841281891
227.017554647
219.368371505
217.015865032
217.733292237
218.258193051
219.354148928
231.650624339
230.749409843
238.820783375
241.782161058
242.555699569
243.059056297
234.784036721
225.960720625
221.521544595
230.442496627
238.369685231
238.497306256
249.395649942
248.191629145
264.106323381
268.387242409
258.969221229
265.273750867
262.638686875
259.46339304
262.12520564
247.104097159
248.85123504
270.305244098
276.467954472
294.546621573
287.36216458
283.915407397
284.095060661
284.858320394
298.491856935
310.883579543
314.755720216
315.514940713
323.233394455
324.931020983
325.521821607
327.76851074
323.649850698
327.337925951
323.888723981
317.701987725
319.974835452
316.698400431
306.639286891
298.600699547
279.977813757
283.65615524
303.015147954
301.15613618
299.463376751
296.419612446
301.81778637
279.40642418
277.854189299
277.779366763
286.407384663
281.293818829
278.578749012
278.867986974
276.777904281
277.518310289
278.75305282
276.550562824
264.037271282
278.773050202
280.557676624
293.026217887
297.530879086
294.758023444
293.026587672
277.421083718
279.720056949
270.729721525
274.349632271
279.336109405
266.623358943
272.294397317
266.308724191
264.64307238
275.941680786
276.544531653
275.439572941
274.088617436
275.645021178
272.550204346
281.358160848
283.748723142
284.007431708
282.869812499
284.943142563
287.023973377
296.478613864
293.994765713
284.683147094
282.138076123
276.200004443
278.211014345
271.885899463
271.366430878
270.923085688
271.808170368
269.201202063
268.811513547
272.359699568
275.819356626
273.35214812
271.626167123
268.965032514
269.966539907
270.436447126
276.019576457
273.655193846
285.154192027
290.223086619
287.011074548
297.704358752
303.657544041
313.600560799
326.321496555
324.694177037
320.261394631
329.584638994
352.946157904
348.703612467
340.893152088
337.001653665
330.699329578
264.015682842
303.549908122
291.049560307
281.778970385
276.632088967
278.40397281
277.135312274
272.254658446
268.149856346
274.076526757
272.360266254
264.402738886
254.403505176
266.359955784
297.752753439
300.7303265
300.809212389
311.244599334
307.569327273
293.649578814
296.412581934
301.706165717
292.090246491
292.771285724
291.020968308
292.551841525
288.588933809
290.194934329
284.459007125
290.519716543
286.232312618
288.023270099
284.487461158
276.950700639
272.088188534
268.279196169
257.292257479
227.858484138
242.828206223
251.645257122
241.191505092
251.675657458
245.837088687
245.948633328
246.220169374
244.742293977
243.343417515
243.750517975
246.444618429
244.034459775
246.450758071
245.837811247
246.659361206
244.064567343
245.429756282
246.211471252
259.128116488
256.474013156
259.800638197
261.319264781
273.536028799
272.725701238
277.099011357
285.468594012
287.385888209
294.144284303
305.805934372
301.709336004
298.897319251
300.18614659
287.706448728
294.750156355
304.949118558
298.955975952
303.168203372
306.086143956
300.559600686
307.087083615
304.887626804
308.464915096
305.947608616
317.305843629
307.057994281
312.5124111
317.647800139
325.437860766
332.275959836
330.848080572
327.661585005
324.970511567
333.393467133
328.365240018
305.750476401
305.922777928
310.994690086
313.548945484
293.318535365
296.200616679
317.253716943
306.760770549
313.671588416
316.207687395
311.354376399
314.940535255
311.075883255
312.464808645
308.51380624
301.830028176
302.13581646
308.574094022
304.560201472
301.303164245
303.18231804
299.820544961
290.218135982
289.166433883
288.620486758
288.0216531
289.24510074
286.687108157
277.489889367
277.032590602
275.737205127
289.790251545
308.718501581
309.576171677
307.720138551
331.528895328
339.763787776
333.031728896
337.452149257
335.595108949
336.892848218
323.60130527
331.247888678
324.076810318
324.552364039
329.146515286
311.512061065
313.577298829
314.150938653
317.120667879
317.260115258
315.083596867
314.111738524
308.846087966
310.988227582
314.276760883
312.368647907
310.825809386
310.661831194
313.011277257
318.226319187
322.731167347
320.285856516
325.034144309
328.975538422
333.266296468
347.86558931
340.030046512
343.009011731
322.347165717
317.775569389
321.60421889
332.41201969
330.680013756
331.147106632
339.096253712
330.437215684
331.514836479
324.479902238
321.773911689
337.621521299
328.972555009
322.205943637
326.011820889
323.824211488
326.82490276
322.697753541
322.308902871
313.941568569
312.129401731
314.575173865
307.787998684
308.600260803
311.039205118
311.902343846
313.937585652
311.459251128
313.951610012
309.500659493
308.979284496
310.470525733
306.561232083
309.257748907
313.458617807
305.96404624
304.688064302
307.145363177
307.45404033
314.336513254
311.565947089
311.603734543
307.011328415
304.981315663
307.297175627
306.658361104
305.573886411
276.940843048
281.469969495
259.225298353
262.168089434
260.405386753
239.265326922
235.199263267
231.066307546
243.252133919
237.508183448
236.097058127
239.036270324
244.426681224
244.002668318
242.740726311
247.322778914
249.358236006
240.918042609
244.299724527
236.506511165
238.739627246
236.170319178
237.496340685
230.498039715
233.406202496
240.515441002
247.34642839
245.630907188
246.032298392
242.477384029
238.862606815
232.496271909
235.338892586
236.155431971
234.140418891
245.439298226
248.398356154
244.268615348
255.788291477
247.695854267
251.092986473
242.749491415
244.197167874
240.270930451
241.332772893
242.624777197
243.768841895
240.537852272
242.381424432
238.96549445
237.730347229
239.020091715
240.417366596
241.85782548
242.556325403
242.540331693
241.193556965
247.428736521
240.379007613
241.143787454
241.49220756
242.88197001
242.574998056
241.738424651
245.179427489
244.010314828
241.231911915
239.595821833
240.088445131
240.030792452
240.358056123
236.607284968
232.09548573
217.795537841
215.972915788
217.075521751
216.240447955
210.588284681
210.838316909
216.469336529
218.292668215
218.177497714
216.143788
218.247027645
218.660168377
226.746443395
223.734749623
216.564933396
213.632633025
214.151705945
214.300186865
215.201631889
214.361789446
215.089389267
216.710118872
214.582875903
214.137519511
212.213880349
205.792191002
211.518050466
212.512152054
212.214868097
214.102001799
214.876116052
216.507421771
215.880183098
217.167772229
214.187130416
210.668596408
211.055677042
210.462745096
208.145072747
209.981041092
212.326586805
212.002036471
214.920113567
215.142280384
214.696953486
217.963846594
214.823044956
213.577993127
213.352545447
210.819524721
213.567799877
212.345097951
211.565575228
205.692762219
208.662025476
206.51868849
204.9989158
205.818037542
206.546888795
209.679284582
214.890354069
211.617254513
210.401838272
211.294389219
212.21169422
214.229239548
217.94890437
228.242746174
225.093166461
221.944647203
223.09283939
224.318364996
225.705956126
227.183871909
228.180387105
226.565416372
227.87876217
231.828265637
230.755982712
237.292135703
244.326915114
253.405493504
246.195291204
247.30390291
251.364833224
250.933285162
251.592656407
247.735253226
241.357841074
242.142183729
253.647813578
242.84270417
244.281692183
244.828396669
246.233602816
253.372979519
227.950841112
236.081847943
233.749473085
232.861337117
234.239914487
232.07104497
227.226658733
229.52752578
227.196380721
227.602554678
228.450998006
229.258652442
227.881002369
233.285076769
231.142549673
229.629170298
232.903887475
238.989027915
237.88420554
239.573671208
246.287556677
254.954458372
252.21806405
253.565563503
244.668515976
244.162557253
239.172776768
241.100015954
252.047476696
260.255033548
271.073933392
271.43145273
271.254301094
264.652850014
267.178799863
297.145422273
323.416288048
323.373947563
313.620288573
317.474803952
312.135621417
314.809024302
312.128126939
316.256869815
323.190890883
317.136063384
307.582281016
302.344312515
304.407911444
301.025893701
305.372917655
308.288665858
296.783856467
302.193734487
299.402491773
317.969105098
315.480703233
309.34175003
314.567732922
314.067429326
315.976271754
318.632557012
304.722213333
298.509587487
293.353808421
292.060439259
302.022674211
305.78227416
304.804851007
310.748086693
307.321591945
300.213319796
299.9114049
301.174354399
299.718153249
304.764843209
300.811694358
302.802035398
307.879711423
319.310800216
323.39926578
322.833611079
320.510494897
327.913297881
325.111732556
333.853698508
355.027460031
360.957882878
352.8291472
350.169009281
351.821406645
355.104997827
378.929503053
382.141399527
375.429712502
381.927652741
388.562713824
401.214285422
395.055555191
416.253849239
399.786496326
407.348844633
410.836534115
414.196905784
420.00755981
396.65672648
428.80213449
473.463857574
485.306408619
490.137360644
528.950196446
522.842043101
539.404206289
628.454309221
603.265750758
621.656702945
575.438114181
572.029730938
554.207318092
507.012218147
556.508204265
553.722543491
549.860754398
554.1644154
568.740767977
586.428503994
580.852023001
575.547937438
583.290744126
616.582920555
601.206505746
606.62598208
577.957353986
550.859300836
563.599177836
585.572143383
580.067520722
585.393972044
584.298945539
587.456851694
581.164703742
609.123248048
605.506716492
596.658133469
557.279411451
567.902176888
553.301763364
536.834880295
535.017517697
551.580753345
556.766348717
570.618347428
578.897083215
605.256283335
606.999045778
607.553118806
614.401106857
597.883608706
596.39862082
599.575119184
593.249113387
578.189862251
562.220221164
560.705341458
586.432944143
585.70919199
591.569686423
587.99752767
577.820758079
588.600181682
596.363404923
585.632094863
591.532270564
594.047892822
591.443030245
566.654079711
582.277666854
569.183392114
581.352834801
579.673328962
574.231873901
600.777766012
618.819256529
614.719377823
598.799140933
600.023743035
602.185289762
600.009956753
603.737986316
601.027199842
595.190694931
595.081943565
593.707315997
600.923978984
602.947139863
626.564554888
686.510667577
699.924112025
710.043483059
683.33832798
682.782749747
673.495305138
624.111186588
601.689249969
618.838773403
599.156652066
603.053817593
607.806556217
609.833030933
603.931770596
588.354729933
598.182399571
586.905935349
585.861103029
590.559648618
577.112305792
568.286625792
578.10170306
571.965390194
580.484809832
566.779183524
569.0379792
581.778594648
576.458210445
579.024450271
556.979715423
513.94537555
498.621967801
527.456637164
489.896608874
510.232462786
516.670050453
524.293468396
525.424356849
533.796935921
531.830086241
544.992377732
586.502162941
577.073332003
568.662986819
571.973279148
593.628668777
593.758391296
601.817243995
589.292647246
582.452913623
574.410647233
570.928383633
581.068819716
582.163165239
584.421479807
574.721273089
585.820368635
576.723590502
575.395511788
542.953643167
529.824763245
495.964297435
464.917223066
483.581470315
474.915175482
517.020021236
508.505989662
523.408197237
503.472305645
518.752216971
523.553454829
523.842262496
519.989791414
519.717838332
542.028372504
530.603582072
561.346693305
569.512922339
569.554507635
583.756753676
590.468896443
580.911561848
573.107636306
548.853012203
534.672325425
536.557997747
536.803684457
535.454765723
532.714218959
512.864544158
526.134660846
518.976991928
508.000182608
502.336480294
486.611337228
493.169772583
502.47327649
519.038144195
517.371526189
530.726155608
543.994113109
557.300101434
553.460154768
553.531768444
534.030782864
545.859155782
559.262203376
565.722643477
568.14196997
589.127897109
588.000849147
604.290720509
606.319619364
587.452845969
596.650056868
608.532676553
601.884462189
596.612462262
566.61329969
547.666208585
542.136161082
543.926863432
555.731951286
563.057625762
570.388710681
564.553014409
580.58345638
570.423344538
562.287609218
572.697378218
576.421806368
572.046455515
588.714578274
593.785958517
600.717129937
592.065620348
599.793702005
598.058451571
604.736446567
598.844191611
593.253735788
584.51600756
594.325893185
573.502797718
582.700284427
588.346658788
600.295156511
605.992366065
595.762831113
575.582735072
572.917830929
568.178870587
557.971938809
552.000269824
563.181585575
591.169150328
598.611811474
598.054012017
623.034514717
628.498220892
655.001920203
629.140544909
620.671124141
620.714958149
618.572097848
622.520009429
617.847304065
619.663600985
615.918034147
607.295424638
623.504726106
633.020258883
651.532415603
661.686730648
635.262428454
613.725426022
645.151491732
654.591315852
654.771684845
655.034108864
655.734888638
647.119939736
740.034936744
736.44268424
719.762350063
732.542429013
750.245493875
745.375837404
688.007367319
675.421380122
710.690018475
705.678964975
726.772230657
715.448603813
722.558193206
720.682934181
715.652008973
687.662433151
669.022879393
677.848576848
662.424881378
648.57213984
692.286109231
697.953756367
702.346600166
687.517869604
690.363942345
720.567912713
694.482680451
703.106617431
701.572326401
705.813036587
705.83124208
713.04756551
714.085773027
709.30175789
730.7109275
696.83399745
695.72662044
686.294216607
693.742780175
696.734455734
693.058442694
688.357650723
698.74344425
714.791948148
708.782976882
721.135938388
709.848578938
682.349570504
677.261730158
693.063473167
694.421933458
689.692651582
680.331260963
686.462475174