109
38
476
452
394
8816
7974
3255
6879
9327
22611
19555
14255
30756
102051
139279
402573
147525
76860
126437
134029
49300
47019
90905
116682
89882
124661
108175
91617
100623
164445
189983
190862
160861
128762
159236
133724
144965
169115
198754
213900
216497
203125
181386
186273
181056
165489
256724
195040
232591
206921
252173
262272
206741
175414
206816
166764
203864
206904
183768
176114
168820
152483
144797
133651
139221
175229
145250
137653
146274
140948
106337
133382
123764
134093
115206
111137
99845
104808
107793
115757
135869
138862
151138
118346
111174
116865
168156
162314
149167
171334
194657
190714
189242
181139
185979
231557
237154
175198
172972
163599
189504
173206
167297
166337
146404
143080
151170
137378
149223
155340
212134
231832
201672
353987
395680
473760
409807
333225
300088
328403
340521
355741
321431
387700
351731
349435
388973
419057
386939
364275
395637
408690
396586
439160
416585
362717
382569
365079
327478
294426
268868
277469
322736
277785
324221
340976
326713
346519
386760
532654
771461
736931
584088
648358
636990
699127
727103
751667
830313
970733
954847
1078981
1275364
1659274
1679515
1707447
1501907
1259752
1661650
1607007
1928846
2124520
2481692
3222127
2844592
2336773
2642661
2707567
2671457
2770274
2823391
2559463
2415306
2516547
2557374
2233572
2705769
2298737
2063146
2335566
2201395
2368350
2610651
2930895
2749740
2458323
2554382
2916566
3726576
2721126
3209757
2857630
2653992
2530343
2762747
2745092
3238655
3229855
3022243
2691589
2643295
2904177
2952577
3017773
3232850
3650609
3485821
3425302
3906615
3589726
4026198
4995155
4626336
4326527
4147671
4862869
4386949
3874057
4737269
4682570
4756436
5089019
6012022
8165937
9131356
7184053
7273664
8569991
7209781
8198130
8031619
7569117
8432251
7562791
7301707
8471343
9168054
7825832
7894713
8387861
8829010
8431492
9713722
8636914
9216600
10352549
10281181
11838329
10929049
9708079
8935913
8820468
10091497
10351161
7818616
5697892
6817034
5375072
5112472
5101180
7202756
5298088
4623181
4497140
4718434
5213790
5297577
5090036
4896962
4831790
4447832
5111410
4418905
4404475
4458997
4395032
3939745
4148193
4380135
4687817
5068875
5389572
5497313
4191386
3664078
4501251
4464987
3663964
3720984
3756596
3150531
3207004
3608351
3623568
3354675
3625071
3371337
3140414
3835922
3843328
3986674
3800822
3531556
3687574
3463085
3232655
3790167
3392174
3695845
4108064
3727662
3738170
3985328
4884864
5242564
5428571
6043254
7539219
8604350
9193535
11128894
11918210
12924072
13173787
10447918
9539531
9802667
9347215
9102555
9006191
8972353
8318454
8305274
8608085
8346474
8111912
10004370
7665571
6768179
5923114
6591807
7144459
6944741
6812259
10105142
8436151
8496102
7009559
6353504
5325125
5147963
5828835
6419814
7679385
7052008
7805213
8178179
7936429
7903511
8001261
7517833
6932986
6935796
7124427
5992074
6209084
5570215
4622294
4568334
4875663
5270039
4931935
5372620
5226451
5765977
5516443
6203500
6093073
5848302
6475942
5766857
4714117
4957680
5178044
5165976
5660240
6317913
5596214
5612301
5603591
5835348
6564313
6414466
7816968
6139101
6045124
6270206
6947911
7366768
8429278
7766813
6974309
6078395
7022554
8093323
9126940
7812142
8824346
8146057
7447761
7160341
8331025
10000135
10608079
10841297
12074976
10354008
9281462
10031033
11133939
11298245
12181896
10458494
10586212
10346559
9961142
11189730
12161484
12179592
12178956
11493392
11588766
13101907
14758407
13140488
13805375
14165602
14608381
13994207
14310590
15293782
14952443
16262505
15902366
15354587
15275590
15299829
14831893
15103274
13079730
10906939
11038907
12399934
13279799
12662661
11402535
9329574
9553421
7062304
7571628
7324529
8139746
7532040
7908389
8183658
7244937
6193650
7608186
8749631
7812318
7572415
6614747
5821521
6578428
7242921
7065672
6816146
7268521
6501078
5866321
6324471
6864708
7501252
7684524
6983779
6624778
6191599
5574034
6627867
6214464
6228451
6310847
6650099
6131386
6097206
6183624
7121112
5949651
6669652
6989652
6872378
5264910
5954030
5820758
5967382
5836394
5259484
4909597
4642033
4780399
4855935
4846409
6236315
4985511
5290981
5034167
5939012
6426089
5526234
6121922
6314066
4988878
5080772
5274732
6454338
6507899
5953873
5989724
5103765
5447812
5623913
5725124
5772834
5839078
6216309
4970280
4675745
5310862
5351183
4924379
4967283
5089487
4621655
4400332
4951593
4673736
4896899
4878789
4633002
4615760
4530927
4973138
5081054
4929310
5102480
4769994
5191678
4865003
6172067
5667075
5509957
5861517
5087329
4701637
4834188
5568820
5344954
5844847
5843958
5724223
5483863
5108578
5723011
5771429
5269598
5535247
5067389
4301462
4267530
4758614
4835926
4646800
4432114
4430185
4540729
4345617
4586782
4630140
5338467
5483601
5224889
5527254
4660749
5384072
5275215
4816824
5246574
5521291
4692673
4527768
4232416
4084282
4596676
4748569
4291334
4215245
4239064
5773186
5229964
7687877
9786553
8044870
6919425
5074861
4907084
4312875
4264878
4311128
4068798
3755463
4008717
4877231
4579655
4514886
5075077
4486847
4002224
3911115
4463422
4359543
4214718
3829278
3667007
3545295
3703204
4213888
4337901
4470242
4322352
4414999
3824968
3774963
4961847
4555656
4342366
3976351
3570978
3857194
3383027
3881487
4031753
3609443
3703467
4139505
3824449
3622030
3636242
3924106
3945854
4166961
4116923
3415165
3164774
3902321
4039051
3823959
3919680
3796130
3218490
3147593
4161708
3739987
4043050
3763817
3952119
4716228
3699313
4158091
3962055
3657736
3504953
3530058
3053179
2946027
3603570
3361203
3592022
3712001
3747142
3699787
3625637
3724420
3275960
3306738
3536184
3562687
3370958
3125159
3663004
3604870
3544566
3636719
3176499
3334290
3010707
3405182
3223673
3129544
3190050
3432116
2790139
2595440
2940614
2883122
2801702
2983331
3263932
2706199
2865886
3292112
3316647
3398284
3547371
3271114
3031280
2897205
3258159
3791005
3698596
3787015
4221997
2947918
2834211
3255778
3170270
3172780
3571561
3782693
3002261
3054658
3279108
3143998
3226391
3210281
2940439
2712774
2689221
3055298
3250812
3588318
3067693
3108102
2810469
2809955
2920036
2915569
3056194
3060392
2356359
2699689
2677606
3084044
3934760
4883388
4415309
3385093
3020464
3126860
3549437
3652486
3603457
3578714
3522705
3487918
3405371
3485052
3753521
3811851
4174547
3553950
3575937
3555895
4123891
4200105
3742032
4846993
4582969
3803103
3554013
3711917
4446047
4403695
4035882
3676442
3584496
3568974
3623188
3648882
3522591
3573287
3313847
3096137
3411334
3375945
3379407
3668157
3600211
3476755
3315241
3491836
3721709
3636742
3821474
4146138
4117448
3284029
3181472
3399665
3177100
3189729
3467696
3244946
2894157
2844215
3109846
3485165
3237710
3451177
3438131
3150561
2669484
2777652
2701598
2671030
2782058
2631310
2728071
2691394
2767272
2638446
2723660
2869058
3017523
2709277
2255563
2455883
2461572
2538459
2506904
2487374
2414684
2657343
2909176
2756547
2720983
2895392
2779770
3064831
2688593
2919562
2734946
2888064
2775048
2843816
2976036
2527498
2556322
2837625
2806009
2826880
2978785
2732669
3007245
3137599
3283503
3151754
3294278
3017383
2968498
2960861
2897310
3277981
3193651
3459830
3110917
2880559
2898079
3308302
3073071
3306248
3425204
3363109
3179009
3260147
3428301
3424640
3589181
3657668
3652724
3496258
3365746
3817848
4594445
4463742
5174219
4033871
3402251
3375200
3633761
3531561
3449127
3735082
3871056
3725495
3393975
3795376
3667149
3718999
3818701
3754404
3407515
3354080
3584970
3683806
4713138
3751941
3617025
3260593
3366014
3616771
3890700
3898284
3603091
3652973
3385802
3246556
3758363
3549566
3623669
3708887
3538894
3284574
3317665
3679265
3731882
3572538
3671020
3766108
3422823
3469548
3832532
3959179
3938732
3908852
3878488
3405626
3392609
3816673
4013359
4083801
4353063
4236378
3809169
3882455
4015345
4034134
4013928
4023071
4330868
4193663
4325780
4894824
5031630
4853818
4836170
4694171
4112951
3909815
4618785
4982320
5337096
4797684
4675140
4486057
4615742
4714615
4284723
4461946
4199075
4123308
3773393
3782405
4208475
4434523
4480621
4297303
4073517
3880218
3954604
4583500
4254835
4064117
3790730
3893067
4087993
3499942
4079004
3960917
4273694
4101664
3916135
3602120
3389131
3859472
4241578
4523475
3960054
4456526
3913620
3929276
3903627
4022694
3899258
4685909
4882473
4002187
3701997
3917080
3929200
4160628
4020676
4148986
3778528
3753029
4044923
4160472
4103242
4321509
4221270
3813495
3624309
4195268
4175179
3888174
4144510
4018386
3841057
3860001
3944219
3878936
3901152
3974920
3879277
3865706
3912244
4150786
4150313
3956508
4220197
3973515
3460711
3495977
3794666
3711070
3650572
3554160
3667713
3793853
3712329
3952857
3953063
3747332
3815857
3648389
3171742
3057970
3391380
3276367
3223038
3152193
3132995
2788076
2648913
3047191
3154062
2885111
3191512
3337094
3012447
2843462
3126470
3109644
3088150
3179421
3031736
2736086
2676907
2997072
3230064
3020498
3147924
3244346
3074308
2891154
3241849
3149889
3060615
3122597
3064431
2798801
2823987
3093780
3069703
3038582
3103425
2864168
2766672
2745324
2911973
2870349
2839462
2818958
2864276
2743740
2712488
2933092
3015411
2979593
3022619
2925299
2652544
2696912
3203416
3081521
3089621
3047023
3128870
2635104
2499846
3218867
3363969
3254597
3187516
3632879
3011509
2925428
3234958
3238176
3274062
3384297
3058959
2885842
3129298
3310229
3200956
3202796
4374383
3524710
3355092
3105853
3328869
3536486
3495035
4804087
8354137
4623489
9511510
4575024
3691571
3544617
3261512
3342502
2926261
2995215
3331172
3403628
3218584
3320813
3340856
3156531
3064781
3771495
4217775
4321485
32682639
12833057
7840481
4620009
4253324
4054233
4784568
4767049
6586101
4603667
14218006
5517402
11411266
6840235
4638883
4226254
4219930
4504998
4185529
6032427
6374771
6648188
9241855
9653252
6694843
4665855
4981573
5231612
5734880
4160479
3732454
3631146
4190017
4124772
4166077
4323181
4623233
3701755
3588882
4066232
3873985
3693547
3813912
3870354
3384641
3340085
3934125
4133430
4091554
4215932
3877529
3481494
3448385
3522053
3861866
3637532
3694922
3668320
3378889
3265279
3522819
3557694
3499551
3641536
3576745
3129251
3040279
3426717
3331516
3357197
3677860
3728504
3954688
3617294
3786128
3889552
3897890
6405291
4649927
3521024
3589289
3913155
4151842
4999574
4787952
4248179
4349098
4235342
5177722
5301940
4799216
4854603
4710081
4435563
4726747
5070014
5079496
5028546
5030091
4867019
4411643
4051537
4160032
4979812
4729185
4290524
4510993
4026222
3947677
4848996
4810167
4562120
4673626
4492031
4013548
3751017
4129930
4246992
4295179
4562920
4647424
4122613
3911255
4491906
4344415
4151123
4020857
4529329
4521441
4006923
4016269
3796532
3834085
4058246
4072405
4413636
3822586
3778757
4012831
3934725
3784405
3777865
3501625
3340376
3781297
3947663
3820956
3544154
3397659
3135180
3082312
3414366
3595055
3499428
3489418
3341905
3012826
3262922
3426309
3309660
3487139
3602966
3423816
3038989
3120647
3649168
3866164
3561969
3864498
3444937
3331097
3145128
3626933
3522656
3687381
3987982
3584238
3255285
3325115
3635679
3946485
4345041
4449082
4363015
3627080
3633437
3896923
3959909
3873514
3891892
3742915
3437442
3265203
3661879
3962238
3729568
4329499
3832384
3424484
3339627
3684337
3359662
3368482
3417477
3353061
3011405
3097244
3386194
2972131
3121062
3412412
3517579
2948617
2933549
3405180
3069717
3072881
3146929
3370047
3025139
2877354
3450935
3608251
3345105
3447354
3403704
3075443
3043234
3440171
3477272
3431608
3330987
3284029
3208532
3018531
3553897
3333620
3370301
3650493
3640588
3228781
3586931
4888812
3762029
3789600
3789261
3596094
3046082
2619291
3885372
3442926
2894325
2960461
2976177
2661426
2609499
2946160
3134622
3292283
4447050
3457400
3122602
2997902
3584204
3552058
3199765
3372049
3352877
3078329
3000886
3436228
3319461
3608440
3412629
3638028
3220774
3187303
3367873
3702229
3803758
4661886
3459196
3517585
3113603
3748939
3275358
3443930
3687654
3983807
3519362
3552498
3802808
3962757
3660169
4119548
4367707
4184599
3751011
4143021
3548193
3510842
3325955
3355873
3156707
3275703
3583953
3818693
3621968
3600440
3535275
3605078
3283110
3988174
3869634
3672247
3503299
3706342
3355040
3424783
3621906
3396859
3695797
3667150
4202218
3795040
3280098
3832509
4077155
3905954
3867862
4606408
3535312
3526088
3726238
3534909
4280657
4153379
4089229
3857611
4363441
4393505
4685485
4786805
4569465
4186850
4318820
4010410
4685997
4253220
3889478
4093747
4025733
4090767
3959824
4125996
4051661
4331450
4183745
4247369
4215812
4139448
4668959
5009581
5550256
5145210
4578401
4464205
4246715
4993578
4645763
4227653
4428410
4105576
3795176
3748319
4385629
4510553
4646493
4767814
4819170
4079841
3787575
4274269
4065522
3924977
4058315
4048525
3698346
3618223
3958417
4134365
3465383
3969272
4081596
4005912
3872877
4313182
4940425
5337523
4821457
5300356
4496487
3652349
4519697
4249670
4488687
4475214
5311039
4487993
5085176
5321824
4364514
4214224
4573933
4180682
3891108