0.06968417793
0.0699955598
0.07044518549
0.07103701198
0.07317153109
0.07173342702
0.07573271108
0.07625549698
0.08089729808
0.07897067461
0.07699584033
0.0746651939
0.07537446951
0.07682329087
0.07638127822
0.07412559148
0.06556043999
0.06394943788
0.06139800126
0.06108463473
0.06206635618
0.05293579783
0.04537003157
0.04811637772
0.04388829358
0.04425337081
0.03872224234
0.03815036852
0.03610540676
0.03669616189
0.04204328527
0.04184198479
0.03905989868
0.04143985618
0.04150258842
0.03886985269
0.03759180045
0.03446259679
0.03051203184
0.02973220565
0.03038802711
0.03133475525
0.02976512554
0.02933815045
0.03027497913
0.02906564538
0.02829497558
0.02768999985
0.02887852479
0.03224555919
0.03455536008
0.03489706297
0.03888025855
0.04044305624
0.04162070457
0.04379608322
0.04530232759
0.04075683695
0.04047748691
0.03724446267
0.04086376376
0.04063675027
0.04273842128
0.04053717973
0.0419102394
0.04471450904
0.04200678821
0.04325351368
0.04420382451
0.04844948101
0.04738809952
0.0478321126
0.0513793425
0.0439606785
0.04333920017
0.04306800114
0.03957068319
0.0434219697
0.04220706464
0.04412438875
0.0447269953
0.04373427671
0.04510717704
0.04291945918
0.04253299295
0.04325616819
0.04262165618
0.04270620306
0.04237534999
0.04240053909
0.0409175218
0.03845003635
0.03797056974
0.03941612181
0.03815789286
0.03865298498
0.03902242264
0.03807452953
0.0379552081
0.03796273403
0.03672597404
0.03641189129
0.04073183881
0.04117567943
0.04270330085
0.04164329464
0.04172181557
0.04104590297
0.04037234091
0.04043927844
0.04100417827
0.04153294923
0.0453591947
0.04590089299
0.04732254386
0.04482964754
0.04583368124
0.0482397979
0.04198105629
0.04351453364
0.04286059312
0.04302420789
0.04279400367
0.04291005176
0.04231627586
0.04201086477
0.04018227466
0.04280345335
0.04250362021
0.04264895996
0.04237602611
0.04664873113
0.04552295642
0.04734957443
0.0472120178
0.04619613635
0.04761594844
0.04981187345
0.05123326137
0.04968791273
0.05003314174
0.05194287272
0.05328881288
0.05264299957
0.05776827755
0.06348656329
0.06111843712
0.05863798896
0.06146601027
0.0669930164
0.0655851261
0.07190924159
0.07181318486
0.06998460362
0.07233213261
0.08463494116
0.09065628318
0.08718280805
0.0903108763
0.08986922412
0.09008149256
0.08667610282
0.08336589307
0.0896384721
0.08308742954
0.0831349752
0.08340401488
0.08427167557
0.08220939079
0.08330688607
0.08273543972
0.08150942909
0.0792814086
0.07620388917
0.0740000742
0.07773104791
0.07428220003
0.07204967731
0.06932955523
0.06959276929
0.07020555722
0.06851306016
0.06426312529
0.06964711759
0.06844357294
0.06804867527
0.06936187347
0.06663279634
0.06568076635
0.06645168352
0.06388285108
0.06421839009
0.06168351334
0.0632425762
0.07662815061
0.0699855373
0.0729188424
0.08429925114
0.09490714707
0.08817205418
0.08315183194
0.07927511271
0.08667775722
0.08477263113
0.0845047194
0.07812899994
0.08013828248
0.0804930248
0.08020426974
0.08570334044
0.09189018225
0.09293566203
0.09093447334
0.08489877008
0.08979294566
0.09065882063
0.0963788792
0.08882487557
0.08237800551
0.08323726564
0.08386004979
0.0857738044
0.0843024402
0.07925054084
0.08544881369
0.08787378296
0.09619876112
0.08983439941
0.09027318734
0.09151425248
0.09224850135
0.0931382463
0.08958593605
0.09016074306
0.08835758816
0.08948493918
0.09439321273
0.09652528311
0.0976865242
0.09675059528
0.09787657906
0.08638225408
0.08904612992
0.09045972144
0.0833082843
0.08367770186
0.08088485356
0.08272859806
0.0789051712
0.07634163133
0.07747258542
0.07970182308
0.08030358304
0.07795321598
0.07189336539
0.06512761425
0.06954524922
0.06718182412
0.05946570907
0.05863966043
0.05211358082
0.05493991662
0.05871637585
0.05984256605
0.06302395606
0.06131271893
0.05998763632
0.05569322642
0.05639702721
0.05835217464
0.06260967965
0.05985184767
0.05944367245
0.06033420796
0.0598331284
0.06397879827
0.05859755916
0.05760359809
0.05758269576
0.05620108209
0.0564828928
0.0537644869
0.05187000852
0.0525130008
0.0476084458
0.05197749352
0.05514233396
0.05296431928
0.05288183699
0.04687225685
0.04754609017
0.0466719398
0.04737046325
0.05066438963
0.05019454443
0.04918399208
0.04716480331
0.04940080528
0.04970245037
0.05016237001
0.04945092551
0.04960650037
0.04990065558
0.04596845656
0.04460753137
0.04479946283
0.04488054845
0.04449442698
0.04535422979
0.04659907826
0.04542015427
0.04442465942
0.04430950459
0.04582084105
0.04652576544
0.04681226052
0.04655343816
0.04489760106
0.04533494542
0.04575768362
0.04645326283
0.04663601995
0.04709648472
0.04900353999
0.0527934338
0.05251209983
0.0519823551
0.05176619268
0.04922405449
0.04640457935
0.03874491604
0.03913445206
0.03797412165
0.03913946464
0.03869064211
0.03732373213
0.03879046632
0.03934729078
0.03932802691
0.03965059921
0.03933978038
0.03966859024
0.0388795504
0.04131805785
0.04119199803
0.04248072351
0.04162496906
0.04023560567
0.04041952994
0.04119020209
0.04164550069
0.03966394095
0.03857763166
0.03930643411
0.0380506113
0.03897290606
0.03948039341
0.03920776818
0.03869317211
0.03637923321
0.03734878481
0.04109760431
0.04061350545
0.04207839018
0.04224665418
0.04331050537
0.04174657459
0.04136145473
0.04217682242
0.04245679316
0.04176896482
0.04308818459
0.04416515516
0.04478325716
0.04347433199
0.04220330628
0.04239905163
0.04384750361
0.04315162008
0.04369032147
0.04333044842
0.04284484531
0.04395462414
0.04390948251
0.04503353306
0.04327868283
0.04213978424
0.0409533422
0.03845543217
0.03710515426
0.03790125181
0.03513730599
0.03595636926
0.03667455706
0.03883068075
0.03908387074
0.041182255
0.04038258414
0.03952578208
0.03806227948
0.0377457396
0.03718151592
0.03752220661
0.03815189761
0.03843096604
0.03866851333
0.03737145064
0.03640527577
0.03654126732
0.03644246147
0.0369820832
0.0362993055
0.03639416759
0.03415195727
0.03178175157
0.0342913582
0.03298378759
0.03389300095
0.03304829089
0.03428507457
0.03312312664
0.0338402256
0.03335578145
0.03411089126
0.03298244614
0.03366922036
0.0341173508
0.03340384667
0.03291192896
0.03336199817
0.03261785491
0.03396737105
0.03429831055
0.034426974
0.03699861537
0.03700031491
0.03622525504
0.03606813363
0.03704461839
0.03644230427
0.037372045
0.03694314177
0.04128584834
0.04241148044
0.04149477271
0.04435018182
0.04481267275
0.04246575287
0.04320533823
0.04564428999
0.04534496882
0.04338429875
0.04445290661
0.04354312
0.04437258759
0.04730634371
0.05221221482
0.05318318966
0.05587289918
0.0538487646
0.05545554842
0.05576641793
0.05676398662
0.05599710397
0.05896099183
0.05979283711
0.05977410412
0.06015651138
0.06153145499
0.06025618669
0.06288978799
0.06729185193
0.0683653
0.07032856354
0.06472612655
0.06285710908
0.0604517613
0.06254705923
0.0581817113
0.05777565654
0.05865822849
0.05839392327
0.06073456268
0.05935885558
0.05662502392
0.05064465596
0.04960267426
0.04892639993
0.04736417459
0.04617207944
0.04879427067
0.04864811458
0.04889845997
0.05087067669
0.05138043547
0.04923996467
0.04328449004
0.04161723666
0.04139822741
0.0400669107
0.02371596539
0.02833951393
0.02604769824
0.02675699528
0.02434652637
0.02570079384
0.0258379207
0.03002535867
0.02956315686
0.0292096666
0.02729933895
0.02935072433
0.03029218996
0.02955328631
0.03027906989
0.02905115268
0.02925897444
0.02813464997
0.02991997907
0.03011549088
0.03112436214
0.0319238312
0.03190034092
0.03255994698
0.03190115589
0.03515264045
0.03517699227
0.03613873702
0.03623874933
0.0335508941
0.03333771592
0.03350282483
0.03316458299
0.03308764126
0.03185494722
0.034215732
0.03422680015
0.03617135075
0.03576446863
0.03403570805
0.03432146332
0.03625179195
0.03986515875
0.0413763115
0.04229704821
0.04532121229
0.04626131794
0.04683418909
0.05148004627
0.04800834497
0.05006683734
0.05094407106
0.04962087521
0.04933056298
0.04943354444
0.04984870994
0.05167027722
0.05128972379
0.05111066997
0.04763232409
0.04778357885
0.04986014004
0.05190733865
0.05232897739
0.04965591624
0.0507895549
0.05187403335
0.0533016518
0.05595504844
0.05629641156
0.05255605041
0.05458098672
0.05502897778
0.05165813433
0.05345912238
0.0534896477
0.05513189798
0.06318170385
0.0644062709
0.07515173912
0.07445057049
0.08076481887
0.0784596419
0.08460175665
0.08759318165
0.0852189802
0.08617635377
0.08640404205
0.08645866868
0.08312707196
0.08357072206
0.075477952
0.07941430595
0.07896191845
0.07649684897
0.07826463754
0.07894369694
0.0833565563
0.0820591368
0.07976738379
0.07935360676
0.07834101698
0.08360934464
0.08276496254
0.08250248628
0.08162344153
0.08063290267
0.07745477241
0.08032049075
0.08377823734
0.08310769732
0.09609882583
0.09324866368
0.09627543372
0.09969379993
0.09832563128
0.1053035084
0.1176084495
0.1298804111
0.1239419295
0.1184408393
0.1254253376
0.1268783734
0.1242883402
0.1320812807
0.1304472159
0.1259745909
0.1226197582
0.1226350282
0.1239898975
0.1178539478
0.1229523553
0.1237827759
0.1240553001
0.121963506
0.1433683825
0.1483559463
0.137933514
0.1482550383
0.1396488797
0.14089954
0.139145323
0.1448102593
0.13373233
0.1370151391
0.1427635983
0.1425491109
0.1438302764
0.1386450281
0.1457211358
0.1449016649
0.1433060001
0.1370915319
0.1365413724
0.1393443014
0.1382594871
0.138237216
0.1387688098
0.140660933
0.1370264657
0.1294322988
0.1342025582
0.1226171985
0.1253155569
0.1216088816
0.123692547
0.1126310983
0.114460614
0.1068359631
0.1092126651
0.1166042237
0.117207766
0.1221396705
0.124456254
0.1154934468
0.09505879567
0.1031346795
0.09043816075
0.09296928226
0.09317387513
0.09125603639
0.09325309155
0.09706045016
0.09691705075
0.09766100339
0.09501920622
0.09686444657
0.09339815141
0.09129471151
0.09403597862
0.09086106367
0.09156776202
0.08924604426
0.08036695006
0.08144309752
0.07662771823
0.08260669221
0.09679112942
0.09573509662
0.1013519285
0.1001035048
0.101270708
0.1010405464
0.09806671538
0.09284100244
0.09330816889
0.09719180855
0.09741456964
0.09284231764
0.09356108676
0.09623242149
0.1019033273
0.1049684402
0.1063042864
0.109793722
0.1090335675
0.1075153465
0.1064421673
0.1040756661
0.1060587728
0.107471696
0.1088209397
0.1022717979
0.1057874613
0.1103560865
0.1079343092
0.1079711209
0.1062715268
0.1032674448
0.1026869501
0.09894440346
0.09526656084
0.09319045908
0.09286959264
0.09774698991
0.09245315429
0.09363108074
0.09537743761
0.09750582263
0.1088901025
0.1013533596
0.1063952479
0.1053660659
0.1056281423
0.1058032705
0.1043791751
0.1063012344
0.1043068088
0.1007365262
0.1039045952
0.1094852464
0.1067630429
0.1058030875
0.1176356653
0.1327313219
0.1452729319
0.1535716388
0.1667999804
0.1556875626
0.137461238
0.1406394753
0.1647176811
0.1664023871
0.1705005943
0.1562167321
0.1589713044
0.1640449778
0.1490548731
0.1595540768
0.1586440711
0.1541612221
0.1413478719
0.1482492546
0.1421819716
0.1397014396
0.1442327934
0.1538514533
0.1577037018
0.1541239932
0.1676352256
0.1633655466
0.164970096
0.1647258716
0.1620494313
0.1536914034
0.157079784
0.1384300243
0.15286836
0.1573471095
0.1583308844
0.1549701235
0.177697174
0.192875663
0.1844930358
0.1820711329
0.1756785793
0.1781849525
0.2050372402
0.2188884922
0.259212404
0.3318409735
0.3005428519
0.3079477294
0.3330699937
0.306214441
0.2765118481
0.2878401759
0.3113499147
0.3101366394
0.3025753224
0.3522503952
0.3796879602
0.369650994
0.369345742
0.376311574
0.3112401828
0.3511613639
0.3464554739
0.3520962986
0.3443612535
0.3438978098
0.3123153605
0.3446321736
0.3475197099
0.3604806727
0.3456733934
0.4014135429
0.4252932054
0.4412158146
0.4415987968
0.5385518589
0.626356974
0.6594719394
0.6873068372
0.7059190563
0.9239854497
0.9277121523
0.9232752044
0.9039954755
0.8503794814
0.8600617955
0.8746051614
0.8887320747
0.9127152055
0.9331549495
1.125679551
1.104582583
1.103137169
0.9557803324
1.058849327
1.076914121
1.245061689
1.342808674
1.303219794
1.302852608
1.228823419
1.219696964
1.117817431
1.16476174
1.132986057
1.136814199
1.123329987
1.188746449
1.135444111
1.128264622
1.036631275
1.102226693
1.064777064
1.031363641
1.245725681
1.383003953
1.236714149
1.301954053
1.207425303
1.189230315
1.106880739
1.127048198
1.061452509
1.097004694
1.212588991
1.177853606
1.191125934
1.200959399
1.211371362
1.192192467
1.183432636
1.190365048
1.165736316
1.183419517
1.213816965
1.255331701
1.17715971
1.229909211
1.204389136
1.217723507
1.264824754
1.319790429
1.422447122
1.456105203
1.478071297
1.412424629
1.373841561
1.278303045
1.194858148
1.259732361
1.209216829
1.149194549
1.156628692
1.111080821
1.084633055
1.234652485
1.305114741
1.333556356
1.315126001
1.353730164
1.35372881
1.328088822
1.359142633
1.277965981
1.480201789
1.658149263
1.651883984
1.616080649
1.774032269
1.651143167
1.767170173
1.568219334
1.942592838
2.008497119
2.170962032
2.286208577
2.030657878
2.012726859
1.517369434
1.793657536
1.547123576
1.468935108
1.328818071
1.543146196
1.546379255
1.777275964
1.650521205
1.515383139
1.415684747
1.576846578
1.743823563
1.738341
1.758063863
1.841080544
1.71015562
1.659057906
1.68062727
1.553099913
1.581410463
1.621912732
1.531968207
1.437323611
1.482961486
1.566823725
1.574430335
1.566534329
1.479621021
1.487486637
1.419139968
1.390227052
1.434669139
1.183149534
1.147977648
1.248360549
1.356697391
1.276922563
1.248080657
1.342524388
1.33185378
1.37123449
1.385162835
1.337624787
1.395091718
1.409615562
1.456686545
1.414884359
1.41366353
1.401919748
1.346824674
1.356341456
1.341411879
1.348676112
1.319739236
1.264671768
1.264296013
1.225725264
1.171572891
1.175948419
1.190006524
1.127989502
1.060064156
1.176350082
1.188191868
1.20323982
1.230750172
1.235120393
1.255059447
1.272840371
1.284018196
1.288395721
1.306090093
1.325715623
1.311627412
1.314092239
1.369717921
1.378195778
1.385936279
1.402798401
1.478335979
1.425787388
1.477904561
1.676304667
1.798677245
1.807660278
2.137538549
2.19131067
2.167256573
2.07936537
1.922234226
2.11842193
2.292461499
2.455720951
2.441308585
2.662866692
2.914502375
2.74503466
2.73788375
2.580371935
2.934422185
2.853852917
2.86086502
2.729839088
2.785254234
2.863490759
2.964986938
2.96707545
2.838356673
2.911196876
2.841086794
2.510399694
2.477152916
2.518800289
2.377016926
2.613538601
2.597916335
2.415747825
2.39944443
2.49490585
2.426004303
2.348934541
2.373377131
2.290854355
2.081224408
1.972181151
2.240328393
2.326438198
2.271252028
2.311933993
2.212883779
2.138878764
2.037869327
2.058526658
2.11665193
2.246769259
2.247219021
2.258838581
2.195095205
2.23784894
2.213307092
2.279964071
2.230677966
2.269473619
2.196016204
2.174115452
2.117958282
2.189330535
2.174487311
2.225647589
2.187229098
2.157822754
2.128425798
2.115808715
2.193571637
2.145293672
2.165516544
2.174154973
2.128551527
2.152108189
2.138822844
1.923902863
1.99467872
2.015991714
1.951356297
1.966759459
1.952331476
1.970655655
2.067568239
1.991873412
1.986468692
2.009672766
2.02718801
2.127607754
2.278046982
2.097095114
2.085168683
2.056788145
2.058330902
2.051312616
2.025232184
1.884536196
1.881436035
1.786410645
1.872404616
1.928060772
1.854390892
1.777556666
1.751278598
1.668831035
1.679057778
1.536987571
1.539550349
1.592574721
1.60340691
1.554012307
1.547659132
1.714180025
1.562574479
1.419123936
1.375919438
1.41765565
1.384310613
1.393606348
1.298939718
1.214865609
1.347185798
1.348402092
1.224178896
1.266303413
1.312227189
1.245161667
1.222342102
1.243826206
1.246150501
1.246672083
1.282908952
1.332329373
1.478337104
1.397481594
1.458664024
1.457776953
1.521303645
1.411580595
1.337741415
1.358049574
1.31071985
1.378405199
1.379503256
1.32394813
1.311842695
1.239527837
1.279608996
1.214489366
1.188626332
1.174979737
1.130722478
1.18667167
1.306043546
1.236729002
1.291350931
1.296190458
1.409305142
1.589288927
1.470832411
1.342776193
1.26057431
1.122040195
1.071909388
1.121127125
1.069908154
1.045692057
1.078198211
1.04787477
1.052969059
1.063430567
1.039120436
1.054751015
1.090328688
1.031453422
1.056423777
1.13384831
1.129779087
1.147237801
1.200149434
1.181509224
1.197539247
1.154357096
1.081594641
1.057059489
1.046837001
1.052285473
1.108328559
1.085419048
1.021084299
0.9985914705
0.9991418796
0.9341340755
0.8602800431
0.8913811948
0.870560963
0.8538449794
0.8974185618
0.8877278424
0.8606948958
0.9603281395
0.9636761759
0.9390037208
0.9046020021
0.8438005182
0.8670347353
0.8252593589
0.7975230733
0.8019141232
0.8495325177
0.8077523839
0.7906325985
0.7914919115
0.7922625343
0.8038114325
0.8004081138
0.8382341321
0.8376828469
0.8540593155
0.9011409415
0.8772268409
0.9157208519
0.9757492194
1.104331532
1.128119714
1.097677029
1.150391164
1.179162614
1.16829454
1.190232688
1.190170973
1.143229404
1.164816297
1.159106233
1.1842487
1.212733619
1.170750531
1.054391879
1.09306342
1.028090155
1.046064334
1.03340723
0.9225429896
0.9572107785
0.9762136305
0.933346487
0.9562172349
0.954054575
0.9172931231
0.9373226455
0.9529036559
0.9372825516
0.9107116838
0.9076742435
0.8895577778
0.8862498911
0.8990775261
0.8276609584
0.8408591359
0.8429366022
0.8062217617
0.7580642814
0.7902530174
0.78305076
0.7728025659
0.8959280427
0.7929694157
0.786089986
0.7640968622
0.740989368
0.6162965801
0.6294082868
0.5163818112
0.4753776398
0.5299473399
0.5411354846
0.5977323307
0.5572923491
0.5793672476
0.5069949255
0.534898458
0.5183694488
0.5294920193
0.5432984065
0.5139300488
0.5213996253
0.5143498842
0.4828516376
0.4558360513
0.4664316859
0.4818237973
0.570663668
0.6308250774
0.5536779842
0.5869984875
0.5602255377
0.5668716691
0.5676280651
0.6081451523
0.6169005122
0.6426214518
0.6328547149
0.5747889164
0.5540150564
0.5023987818
0.4614215584
0.4854591861
0.5325640384
0.4758390963
0.488402289
0.4578899585
0.4838293628
0.4927644539
0.479991159
0.4593342067
0.4803366243
0.5026503767
0.498274813
0.491416623
0.486746117
0.4701824775
0.4651971801
0.4546972986
0.4508467956
0.4574552684
0.4569555518
0.4693581101
0.4573663867
0.4625681815
0.4783408122
0.4711402493
0.4787380668
0.4633762933
0.435901936
0.420516187
0.4375717319
0.4413628182
0.4424635365
0.4569158642
0.4482445324
0.4915145948
0.5154098947
0.4920802902
0.5000112464
0.483942013
0.5187661267
0.5146756416
0.478270672
0.4677893891
0.5091880496
0.513909135
0.5256568929
0.5264784656
0.518323483
0.5135269591
0.4999610997
0.5026594006
0.5023820379
0.5174180922
0.512866009
0.5289602332
0.5374550654
0.516259443
0.5377914915
0.5316314907
0.5418383586
0.5616491249
0.5723791735
0.5524586982
0.5597850009
0.5393016069
0.5144868805
0.4525472208
0.4521652403
0.4649373584
0.4610396677
0.4661972409
0.4584873318
0.4656488052
0.4324677992
0.4518468679
0.4317549696
0.4517569568
0.4526699699
0.4466726419
0.4585882585
0.4548957729
0.4802915431
0.5026112502
0.4997818982
0.4643124644
0.4798317548
0.4800367208
0.5021276626
0.5125662559
0.5085717406
0.500611791
0.4655851129
0.4822318288
0.4665335062
0.474275886
0.4877380178
0.4485764937
0.4547069923
0.4421106099
0.4419991414
0.4602227485
0.4626775432
0.4528707038
0.4473009934
0.4467679925
0.4425349323
0.438445904
0.4379770161
0.4344260555
0.4309075013
0.4203358263
0.4284228844
0.436411614
0.4314549068
0.4289911363
0.4252980967
0.4221984364
0.4226755175
0.4020728337
0.3908721911
0.3814679269
0.3785217445
0.3672755754
0.3640513982
0.3703716797
0.3733983201
0.3625218702
0.3500222187
0.3401372255
0.3492882629
0.3515731905
0.36191709
0.3571781474
0.403033408
0.403244507
0.3888590356
0.4041449172
0.4182002718
0.4053084048
0.4061606265
0.401078013
0.3862109691
0.3892902545
0.4215241136
0.4269243068
0.404042971
0.4042435554
0.3724793927
0.3159747036
0.3698854969
0.356333899
0.3399324127
0.3301781678
0.3325812192
0.3379223379
0.3334291636
0.3256427236
0.3271994658
0.3291328218
0.3133823657
0.3055463519
0.3121956762
0.3193644619
0.3172693542
0.316026393
0.3143280921
0.3137726044
0.3070439538
0.3100716866
0.32036337
0.3153375503
0.3199614261
0.3208384827
0.3235763517
0.3203095896
0.3191571645
0.310985114
0.3149178264
0.3124087451
0.3131223507
0.3082595034
0.3071820519
0.3122753241
0.3083642501
0.2995407739
0.2644755734
0.2674500197
0.266602798
0.2528340473
0.2594727994
0.2532859461
0.2566585952
0.2598711296
0.2595962175
0.2596384913
0.2653712277
0.260491802
0.2484055273
0.244314756
0.2457120109
0.2463982942
0.2499377243
0.2539484634
0.2531435085
0.2679479211
0.2693664596
0.2788781186
0.277452466
0.2936152047
0.3171707899
0.3226584672
0.3234089196
0.3300247992
0.3453714599
0.3519119191
0.350457322
0.3502826492
0.3465310983
0.3278558875
0.3395379607
0.363623085
0.369336898
0.3775456959
0.3764909874
0.3590686995
0.3742839181
0.3807430116
0.3898886047
0.3826326738
0.3968034666
0.3732809929
0.3923269344
0.397884366
0.3994952951
0.4049394371
0.4000120411
0.3928544918
0.3830234267
0.3995028361
0.3946134011
0.3625319604
0.3590852499
0.3701208341
0.3642624597
0.3601597379
0.3872922179
0.4130852887
0.390815338
0.4050167658
0.4069117514
0.3994330905
0.4030820111
0.3924300178
0.3887994247
0.3837197111
0.3659320725
0.3626513148
0.3691012414
0.3654013189
0.3527432177
0.361084219
0.3504503119
0.3436874102
0.3372756948
0.3377385621
0.3314563541
0.3313400144
0.3183863882
0.3103243933
0.3156142442
0.3059309689
0.3310140716
0.3439401177
0.344402986
0.3255473595
0.3267879583
0.3502483449
0.3389679078
0.3485344879
0.3346745877
0.3731038301
0.3630630488
0.3739080567
0.362435239
0.3547228461
0.3570105726
0.3469158664
0.3693229983
0.3825890971
0.3770926817
0.3994645169
0.3939027697
0.3822955354
0.3877793388
0.3900193739
0.3926697088
0.3837872537
0.3842857168
0.3864679401
0.389866639
0.3971824199
0.4016644954
0.4054038161
0.4261547854
0.4389198845
0.4541580634
0.4517662081
0.434619365
0.4436136265
0.4152497047
0.4007495007
0.3829833447
0.3969243402
0.3890957993
0.3840507083
0.3950850314
0.4013012542
0.4103191182
0.4052288637
0.402617314
0.3982592229
0.3872992691
0.3915645139
0.3938375815
0.3877103199
0.3945345869
0.3802608108
0.3780911271
0.3661456825
0.3635783669
0.3706085739
0.3606291711
0.3708121338
0.3650928591
0.3708186912
0.3680850924
0.3680868605
0.3751946347
0.372738723
0.3685992453
0.3664675893
0.3610943786
0.3682463519
0.3705825232
0.3644862127
0.3585566121
0.362998372
0.3670524339
0.3833572393
0.3790030441
0.3779807458
0.3750855973
0.3651749319
0.378489981
0.3759484175
0.3786254812
0.3520800748
0.3541047437
0.3223911496
0.3231673187
0.2952222726
0.2763099429
0.2728991856
0.2756566478
0.2749143073
0.2632091134
0.261700315
0.2633480273
0.266964859
0.2611272465
0.2630351554
0.2696637475
0.287147912
0.2902599374
0.295871093
0.2896137782
0.2920184425
0.2806163003
0.2863643768
0.2669874012
0.27573644
0.2868455735
0.2921312062
0.2915753815
0.2957179078
0.2928764744
0.2841529701
0.2800173386
0.2841538707
0.2905933521
0.2844534237
0.287747575
0.2926669926
0.2887381578
0.356884444
0.3286672769
0.3259384431
0.3147277259
0.3126042393
0.3069326776
0.3240822798
0.3157649331
0.313170603
0.3081742545
0.3170341582
0.305335405
0.3038905013
0.3065848398
0.3074308331
0.3099198273
0.3126119878
0.3153372482
0.307346324
0.3093745773
0.2990048492
0.292437619
0.2934853427
0.2935988871
0.291697979
0.2901808552
0.2978316096
0.3012057696
0.2960268633
0.2933246871
0.2916657567
0.2893724195
0.2904518139
0.2817294854
0.2748521492
0.2543607828
0.2636879528
0.2681859268
0.270307551
0.262942264
0.2583820141
0.2682726881
0.2657850897
0.2610914125
0.2607914255
0.2632569098
0.267504385
0.2721176115
0.2655613586
0.2552157504
0.2552595695
0.2560491752
0.2557365357
0.2561613724
0.2575400916
0.2577378212
0.2575118813
0.2543608818
0.253270328
0.2491529583
0.2415517174
0.2458277636
0.2487551494
0.2511102108
0.2505942015
0.2502976544
0.2470885091
0.2515227544
0.2549926804
0.2513680819
0.2451001373
0.2448952813
0.2459745997
0.2425572907
0.2458759094
0.2453123824
0.2447633132
0.2488820719
0.2494210901
0.2537925003
0.2658911372
0.2597164981
0.2610260099
0.259410825
0.2602043419
0.2649049662
0.2587231276
0.2565033811
0.2515882831
0.2490328902
0.2477838236
0.2456586247
0.2458240164
0.2469902141
0.247149166
0.251306705
0.2464931401
0.2429640675
0.2469491934
0.2511209533
0.2584817309
0.264012218
0.2788865833
0.2788963797
0.2803250568
0.2874746387
0.2893442169
0.2907998674
0.2951022329
0.3028112206
0.2932473518
0.3075456469
0.3233084901
0.3290640985
0.3280241571
0.3431925755
0.3633362143
0.3512046212
0.3584859313
0.3682441373
0.3863068029
0.3848682677
0.3831472117
0.3587682057
0.3577068569
0.3789594362
0.3705150748
0.3657206588
0.3776104278
0.3839761391
0.3795802827
0.3585869854
0.3803192107
0.3861380267
0.386190675
0.3945790038
0.3878730254
0.3783946791
0.385454079
0.3813440854
0.3756346694
0.3841345948
0.3980544171
0.3946587984
0.4068705909
0.425524906
0.4420893756
0.4558729709
0.5474035171
0.5790191962
0.5955252513
0.5503522028
0.5762622487
0.6613892286
0.6424514041
0.6020396775
0.6064994776
0.5805296483
0.6008709728
0.5750008478
0.5897207331
0.6363095815
0.6236175706
0.6148032469
0.5930897407
0.6257644971
0.6079167108
0.6329349656
0.6176819513
0.6083868654
0.6023831951
0.5932116678
0.6232561014
0.606085261
0.5568427202
0.5695463364
0.5393707484
0.5226179816
0.492661141
0.5405817267
0.5107678804
0.5679292944
0.5811386539
0.5474745912
0.549560038
0.525387607
0.5284594522
0.5354462905
0.5265727839
0.5018280725
0.501555578
0.514214511
0.5035925859
0.477238011
0.477065387
0.4768509079
0.4666944282
0.4846114472
0.4862832123
0.4897565243
0.5254688082
0.5147458836
0.4977894098
0.5054817419
0.5141625359
0.5123374566
0.4949022926
0.4933681022
0.4984413339
0.501676661
0.5285400988
0.5407895528
0.550691854
0.5407701439
0.5601792736
0.545525782
0.57635093
0.6079150262
0.598611836
0.6084093091
0.6191363788
0.6311288361
0.6223752038
0.5989716418
0.5870301423
0.5842533001
0.5963385611
0.5919576755
0.6185476985
0.6241652789
0.6314079487
0.6564418024
0.7149619268
0.7417755124
0.7276491507
0.7722695346
0.6972076135
0.7336259371
0.7444495932
0.7247375306
0.7449746081
0.716057886
0.7749753173
0.7481917133
0.7639288624
0.7505500985
0.7270113979
0.6582371256
0.681772091
0.6623281909
0.5860193509
0.6391399616
0.6327763464
0.6123037797
0.6262072586
0.6460247904
0.6561999449
0.6653790385
0.6481572867
0.6501764
0.6642438985
0.6444865397
0.6504497911
0.6222400848
0.5803721746
0.5717466267
0.5824651814
0.575685106
0.583756647
0.5889143735
0.6139464836
0.5922203599
0.5857210197
0.5861803169
0.5045343785
0.4490279512
0.4687265109
0.4603126183
0.4583592085
0.444589897
0.4578276523
0.469916709
0.5047835544
0.4991004402
0.5163694474
0.5004444917
0.4748989596
0.4705788306
0.4624344942
0.4678102979
0.4599420967
0.4570763614
0.4409541499
0.449550884
0.4581538058
0.4671149377
0.4630757499
0.4580592575
0.4541690939
0.4417192327
0.4533687043
0.4636991733
0.4484372299
0.4385723944
0.4377809258
0.4362227628
0.4278948145
0.4528648884
0.4595820488
0.4817357379
0.4820458777
0.4674540956
0.5017230897
0.4947219287
0.4832018945
0.4653427507
0.4596282603
0.461977953
0.4583044909
0.4679579408
0.4568262495
0.4507387407
0.446340202
0.4475355892
0.4498698122
0.4463838847
0.4568053044
0.4614157685
0.4616784363
0.4581490301
0.4494969073
0.436710735
0.44421736
0.4410018881
0.4218316928
0.4376222024
0.4207464438
0.4115422715
0.4137189783
0.4161881174
0.4016365041
0.3837158472
0.3832895501
0.3839809482
0.3759116176
0.3846923754
0.3797214455
0.3777483211
0.3918841225
0.3846148709
0.3905384978
0.385175668
0.3832573765
0.3920398167
0.4027573638
0.4174072422
0.406529834
0.3631609597
0.3498410692
0.371008092
0.3459102447
0.3688631611
0.3752812714
0.3889155811
0.3957454046
0.4160854216
0.4407486638
0.4326119986
0.4456623584
0.4382210455
0.4368243738
0.4239264777
0.4386940604
0.4378613651
0.4464361689
0.4263971957
0.4102841303
0.4066752108
0.3946339944
0.4176110898
0.4185181905
0.4074332128
0.4039064348
0.4014842043
0.3887138758
0.3922628732
0.3639821743
0.364001219
0.3434396399
0.3140857405
0.3302629116
0.3237841188
0.352004444
0.3480402106
0.3457525564
0.3281397121
0.3388740535
0.3403167944
0.3352510404
0.3253933424
0.329866742
0.336764748
0.3342293557
0.3369064275
0.3435596236
0.3690813994
0.3765258216
0.3908032933
0.3945505635
0.384466098
0.3668196485
0.3501193908
0.3501971739
0.3561829776
0.3472371333
0.3451418484
0.3319156096
0.3356235106
0.3187749353
0.3232053099
0.3252341963
0.3147467884
0.3248817959
0.3382277694
0.3434145619
0.3435572967
0.3528157915
0.3562004256
0.3609103972
0.3543867938
0.3387622296
0.3301492556
0.3340166
0.3424719949
0.3508150789
0.3519716685
0.3586709137
0.3516573387
0.3637119919
0.387846627
0.3807283034
0.4017747822
0.4022917152
0.4012393023
0.39747426
0.3726565783
0.3524156141
0.3437711327
0.344775745
0.3516921715
0.3508576794
0.3572203959
0.3513427428
0.3446503186
0.339785707
0.3385668745
0.3511153739
0.3532407827
0.3478700854
0.3634377019
0.3580945585
0.3525648044
0.3431722117
0.3507284213
0.3516050686
0.364635742
0.3610832432
0.3638610477
0.3500239675
0.3464665242
0.3239727286
0.3330659842
0.3395498778
0.3437722574
0.3558378458
0.3549424348
0.3416020982
0.3570443324
0.3476190277
0.3345206264
0.3257947107
0.3333004385
0.3630158448
0.4037781987
0.4438954234
0.4873424195
0.5887349213
0.6145826097
0.5761116797
0.5789579396
0.5802320574
0.6970201474
0.736958012
0.7021515183
0.7363518168
0.7389024704
0.8030010848
0.8181660123
1.004416427
1.063209988
1.025905933
0.946302755
0.9587323563
1.013312718
1.032402702
1.079580419
1.079440193
1.147892256
1.199547931
1.20100403
1.184245041
1.1662791
1.233001804
1.214443493
1.197963536
1.007708649
1.0166148
1.087932208
1.12313145
1.116729761
1.060103443
1.10593765
1.080502276
1.049451939
0.9689917115
0.8856294009
0.950615054
0.9046599113
0.8827956119
0.9228752613
0.9368563828
0.9167515412
0.8593419351
0.8741699171
0.8875851082
0.8591433475
0.8591305889
0.8442610184
0.9147583319
0.9618480973
1.090486547
1.071920508
1.093976711
1.094147541
0.99333474
0.9478995284
0.9060582113
0.9316713148
0.9961368789
0.9691869649
0.9450610028
0.9944214499
1.084480992
1.090670068
1.136953723
1.100931056
0.9917829387
1.006820156
1.004631022
0.9802503421
0.9880340957
0.9715690919
0.9775990305
0.954178043
0.9331646231
0.9162358893
0.9416326059
0.9609684445
0.942475