1079
1222
1212
1240
1150
1287
1038
1371
1391
1726
1508
1407
1196
1016
1189
1271
1077
1543
1680
1575
973
164
473
1271
772
666
705
708
1288
1532
1399
1628
1565
1386
1093
1094
963
1336
1580
2948
1692
1166
1186
1052
1141
1342
1502
1328
1184
1270
1637
1555
1955
1841
2429
1606
1697
2018
1455
1659
1711
1585
1402
1371
1204
1513
1813
1483
1440
1451
1766
1798
1695
1926
2491
1779
1352
1365
1379
1415
1527
1409
2270
1459
1555
1455
1483
1285
1364
1321
1158
1356
2116
1567
1648
1534
1382
971
1051
1453
1177
1241
1188
1514
1411
1441
1312
1385
1451
1254
1348
1193
1102
1927
2298
1623
1833
1180
1205
1525
1737
1537
1509
1432
1319
986
821
1566
1534
1485
1461
2078
1880
1601
2298
2240
2235
2039
2622
1985
1534
1790
2286
2308
2759
3231
3107
2481
2353
2790
4500
3815
4120
3187
2708
2905
4119
4957
4847
4699
2416
2595
2974
2659
2700
2978
2675
1993
1880
2166
2209
2392
2413
2754
2448
2518
2762
2726
2926
2467
3074
1909
1573
2254
1993
2563
2470
2523
2536
2146
2794
2668
2059
2333
2590
3779
2790
3042
3386
4869
5749
3967
3161
3474
3383
3275
3519
3372
3663
3206
3165
4042
4022
3796
4127
3691
3032
3740
4328
3921
3290
3177
3280
2849
3092
3153
2674
3887
3244
2926
2805
2545
3035
2808
3233
3170
3069
4055
3932
3099
3308
5011
3673
3413
2883
2800
3006
2797
3165
2978
2960
2560
2702
3486
3409
3751
3469
2945
2588
2394
3062
3054
3081
2599
2390
2437
2091
2297
2401
2327
1650
1849
1746
1543
1886
2045
2607
2010
2004
1984
2146
2968
2381
2117
2196
2108
1909
1765
1481
1778
2077
2261
1966
1680
1769
1766
1772
1665
1995
1653
1748
1878
1672
1765
2034
2333
1907
1686
1305
1648
2086
1873
1748
1809
1634
1604
1361
1619
1749
1791
1394
1379
1531
1499
2088
2163
2029
1501
1281
1379
1446
2430
2180
1854
1848
1253
1346
1792
1465
1446
1369
3770
1398
1149
1612
1459
1502
1224
1742
1009
1119
1240
1328
1809
1279
1424
1412
1340
1574
1535
1738
2008
2352
2273
2191
2284
1835
1866
1984
1602
1429
1668
1951
2140
2060
2072
2077
2000
2567
3389
3251
1632
1607
2175
1818
1730
2041
1774
1621
1969
2137
1555
1548
2176
2270
2847
3522
5103
1921
1547
1432
1119
1319
1304
1213
1109
1127
1311
1467
1225
1143
1250
1335
1469
1533
2246
2024
1626
1403
1268
1309
1484
1337
1317
1299
1407
1367
1362
1437
1410
931
1336
1398
1139
1240
1656
1937
1799
1526
1392
1388
1320
1679
2163
2164
1700
2270
1954
1955
1757
2127
1946
1709
1563
1290
1337
1862
2860
2971
2706
3026
2832
3091
2485
2777
3170
3328
2983
2916
3042
3228
3230
4227
3988
3300
3674
3626
3556
3108
2911
2890
2428
2185
2635
2528
3275
3824
3040
2919
2486
2413
2074
3024
2712
2687
2493
2379
2658
3150
3102
2595
5086
5270
3888
2804
3631
2469
2998
3536
3754
2507
2636
2727
2804
2616
2706
2502
2704
2404
2894
2745
2421
3066
2084
1844
1794
2383
2780
2402
2357
2348
2086
2011
2287
2068
2071
2402
2125
2317
2213
2506
2252
2509
3631
4088
2941
3700
3811
3508
4297
4464
3260
2786
3190
3092
2880
3037
3555
3723
3175
3883
3440
3272
3249
3253
3176
2853
2833
3614
3291
3614
3567
3579
3180
3109
3421
3369
3405
4885
4787
5938
8172
6053
5987
5811
6218
5333
4285
4922
4511
4576
4875
5419
4482
3522
3280
4838
3766
4116
4060
3561
3328
3061
3865
3814
4104
3544
3428
3577
3635
4041
2571
5425
5812
5978
5670
5402
5275
7140
11035
7256
5754
4841
4707
5095
3602
4501
5092
4555
3684
4243
3528
3882
3718
4661
4301
5743
6500
6669
4818
7067
18484
9316
7779
7192
8182
5735
4084
7093
7017
12225
7333
6376
7187
7567
7464
6162
5792
5368
5646
5849
5449
4577
4803
4702
5231
6415
5835
5067
5546
6369
5457
5033
7037
7445
7477
8624
7089
5772
5251
5418
4962
4786
4919
4375
4274
4572
3901
3576
4280
3910
4139
3252
3187
4046
3708
4511
3725
4250
3425
4356
5062
3785
3840
3249
3460
3460
2843
3433
2983
3707
4013
3209
4293
3521
4347
5348
3663
3074
2888
2880
3385
3186
3132
4060
3842
3979
3346
3061
3414
4033
5131
3764
3451
3112
3652
4168
3486
3526
3721
7654
8175
5451
5339
5182
6505
5353
4731
4321
4258
4890
6286
6014
4719
5924
8749
10341
9727
11337
8344
8462
8617
9103
8135
9553
10651
8378
7452
6468
6283
6938
7719
6494
6637
5458
7270
7128
6950
6551
7272
6327
7982
6252
6533
5732
6313
8010
8601
7306
6434
7906
9746
9624
12744
9043
8232
9004
9779
12351
14157
15888
24103
19500
13967
13082
14459
16109
12385
10642
12343
12611
16802
17152
14151
13162
13006
13965
12686
10373
10252
11379
11855
10873
11432
12367
13265
15765
16298
22241
16908
18113
29479
26677
31643
27190
28493
45281
41184
33557
30071
25739
31293
27905
28327
33511
32058
51101
35479
33717
32075
32429
37337
39255
49598
35607
30042
29477
34865
34918
31384
27696
31687
28488
29291
24738
25521
32290
29036
24282
26182
36144
45636
47593
34930
35487
30341
35922
29243
29572
35711
38247
30891
26414
28077
27645
30059
37092
33772
30627
42737
39850
44336
34055
30127
28991
34000
39646
36813
41322
46418
38632
50256
39984
42984
39332
43928
45594
38645
44041
35256
29757
37179
35700
36874
33442
35855
51058
47302
43201
40663
47019
64993
51892
48878
51888
51825
52821
50024
64693
59243
84345
73632
57999
56153
72504
54719
54824
46171
50675
46284
44693
53295
39015
38625
35940
39736
42395
38699
37404
37794
41251
42606
33084
32617
34678
31071
35842
30561
27408
23845
28139
34947
26512
24848
26205
21712
29799
31274
37464
25493
27449
30084
24250
23920
24725
29601
32291
25663
26123
26106
26748
31864
30828
27086
25875
28341
31369
23718
26128
25624
28629
32304
27161
26165
21548
25942
35284
27920
23896
21210
23810
27369
33651
26104
25832
24621
30302
28081
28060
26384
29226
33927
29641
31500
32559
29713
37063
41089
52852
36575
59178
62998
48835
47822
44658
40224
61133
72784
50459
58957
82984
75851
65524
66229
72533
83729
91459
81280
62348
77996
87655
88089
83670
76351
115454
113905
118959
114256
88065
90566
89661
77212
77862
81083
80888
111995
104682
90125
80126
70686
62598
67265
86957
137885
81408
76765
72211
120325
89419
92880
73719
84673
96115
73885
92566
65432
85530
76333
68625
66401
67565
74573
71184
76248
74710
59723
66432
64047
64886
81565
78315
69450
114617
84537
95200
109109
110666
171204
109973
107378
88847
75611
76896
67955
87240
79818
97955
82319
94144
84856
101340
140319
209065
231392
246638
209396
122253
109418
74025
71964
151171
495825
271369
225148
266051
272404
185627
137995
137228
164665
142487
107437
88962
115521
101636
109516
131115
131383
105081
138165
93555
87857
76569
89241
93557
82763
93981
119199
101907
117790
119620
116914
114123
84328
70212
87527
96763
95267
84010
91074
84743
93102
90530
93051
104249
130184
148357
135664
114681
131336
110863
123472
117866
105047
132802
171877
179148
167996
170104
197218
194563
195885
174946
160186
149622
155444
169399
143337
143426
143709
155268
148153
121127
126328
125721
131881
136933
126354
123937
133770
129525
123632
127233
113248
111174
126442
161389
128751
117700
108082
130138
162351
117361
127928
103655
110237
126433
105581
123302
98483
111181
128476
106356
111173
100285
105080
106480
97722
89883
82732
83923
105015
102580
136253
130762
117457
124473
116356
112664
107572
106952
118826
103646
110482
107133
111110
110257
107901
114118
105780
107814
114580
99898
98613
93415
93192
101757
89030
86302
77268
101076
134431
115642
103138
114570
112531
121438
116495
106525
114305
112824
114401
105027
97974
99403
100798
122148
112317
134781
111085
103498
112332
109046
96139
115031
94684
109055
108985
88424
88237
83572
109908
104074
116020
102236
114612
122245
99096
92352
78641
90514
84478
85764
80590
81848
105718
102877
86677
93856
107441
84727
95753
86358
84244
106994
95488
103282
98694
96529
83367
81958
88043
79444
77725
78520
70511
83602
74666
62597
59076
58566
68309
61761
58611
70721
60797
76932
76087
63581
68318
62055
71243
69634
61924
67462
66232
74971
64498
78761
69356
69861
68866
58920
60770
52900
77437
92571
77521
74754
72379
71383
93409
69720
74885
75437
65766
73147
61253
66453
61447
71910
77512
91803
73416
67615
90898
89661
62823
61881
57328
64329
71793
73937
56480
55354
66462
84113
61959
63814
69580
62994
72066
69986
71783
64467
62805
67708
57026
60776
64737
71675
73590
61824
68271
55771
58920
63999
61105
72137
64402
65880
71937
62627
56519
48419
56329
62710
51703
50554
54058
52207
62685
58161
56966
73752
61397
69018
55032
56284
53271
59828
76536
72806
66301
70451
64367
76216
63633
55640
61491
59702
74740
58408
56247
61104
76870
90787
69164
69831
70202
83847
98038
84537
86991
93707
94084
95218
88821
108801
104390
86169
94132
84666
81357
88517
79247
91756
78606
87869
78943
79632
79398
67739
70941
69934
76139
76314
69708
73960
76456
71742
80786
69349
58846
88957
101658
98623
76091
80065
85738
80238
76090
66736
64655
64916
68926
73145
69855
67740
65141
63861
76067
62259
66249
60666
64579
110522
73017
74050
91336
70928
84876
60172
61689
84799
71287
80906
69835
57520
50068
57933
68196
63442
67104
68971
62079
65895
79579
70924
75698
71179
91429
74573
90200
81687
90187
84214
81682
71153
79921
71819
82324
67769
65917
64655
65409
83313
63229
62625
57365
71696
84274
63481
71822
66984
65193
89671
99379
80226
92624
79089
85242
76430
74811
72998
101648
84635
63719
67038
54978
61933
64385
63514
54151
63103
55960
67138
60990
52434
52767
56238
63816
49996
52794
73332
69453
71291
60695
53274
49350
52267
62768
51055
53608
54922
54762
63729
58467
56531
58107
78119
75898
56727
59148
64998
72192
80614
69251
51594
46560
51603
54936
48536
49239
44371
65744
68587
51629
53060
45684
49460
54309
50146
45634
40864
52121
64680
51778
53985
55053
63108
60476
49586
48706
49015
60076
65789
56166
45299
48365
50660
68335
45070
44890
42576
46278
61189
66464
60376
61477
61503
74283
64198
98308
81497
74372
84018
62239
54315
54446
64896
72221
63866
58146
63537
70332
84700
93214
86073
74981
66026
86330
64706
110224
87032
98604
104459
103288
87282
96686
97954
105674
101466
98573
72831
82191
111985
64033
66791
64513
65847
77169
65004
63620
51203
71744
75960
71759
69674
64866
75892
77699
69509
76791
77295
79896
80974
66916
66928
77160
78077
88295
72425
78897
79526
74270
94345
89122
79438
89159
87599
72346
64898
75489
70315
76845
82785
66969
66883
69413
75694
74694
68757
74939
72438
62044
65636
63918
57234
57575
84386
70998
65775
53701
81859
68259
60757
60850
51347
43488
50398
57853
52905
50243
51804
55236
46893
51967
53770
49044
46845
49147
50435
40461
39730
55503
60732
73797
55662
51930
44866
46644
45101
44812
43979
56835
59369
49890
41823
43829
46767
47671
42647
51987
40350
45069
51160
45832
38020
43184
45246
44351
41270
87294
54292
55278
59822
61449
47096
59952
68389
68291
53749
54340
51230
48150
54699
53467
53822
51544
57155
68715
62009
53679
54208
52311
55893
47047
58670
45427
46485
61950
62574
63306
61140
53418
55842
50644
58031
53393
58259
73718
52689
50080
58207
63188
68424
53750
65613
54668
58870
58788
52337
51940
64365
67349
64030
53493
52810
55863
56513
59195
50544
54314
46371
50591
73656
78669
50063
50475
53543
66325
59068
69211
67818
85622
89965
115460
113033
79511
74620
82114
85515
93923
99092
100510
89267
93121
96935
85069
90641
105768
78818
75016
72968
82020
97307
101046
82041
86639
95345
77316
87032
92293
87320
84939
81518
80774
81645
91558
88989
93099
91615
84384
74460
76281
83586
66166
74020
74554
72682
72722
73079
68957
64833
71845
73989
61705
54337
60146
64673
64636
65158
80500
63957
65853
66593
65474
64026
73998
75835
79474
65316
63828
68453
68262
77387
67394
56577
62295
74377
67323
60868
62784
63182
84270
66592
63820
71857
77172
86367
80741
80833
64524
89468
89267
81142
80723
82863
73562
68601
95736
74956
63825
69460
66963
64805
54605
65112
64585
65484
57637
48677
43691
41868
51927
61071
56307
65815
52632
50433
57117
63833
60833
57976
57738
57860
49738
52413
61666
52911
53664
46955
59900
63593
52713
54895
66818
47568
43316
49432
50035
42630
53248
45507
50256
54538
44355
37850
37097
42863
52077
48171
37853
43850
41007
43104
43828
43502
40531
46343
49229
39375
40068
46808
50737
57193
48238
48160
42555
46405
52476
54220
49794
45879
42258
41267
35996
41838
41515
42994
44612
42555
38664
39334
46898
50689
48641
46750
49388
43869
40091
41910
43068
38170
50531
51357
30141
29172
39897
65434
80020
70128
81174
94850
80146
93790
83465
83395
68997
69036
60291
57196
68145
57329
48141
53529
60250
41082
38873
49094
47481
61176
58886
51293
55075
49456
52414
50004
42599
49461
45242
43189
38670
44786
46104
46583
40363
39811
36893
37558
46811
43678
45172
41940
38986
37062
33634
67235
38784
40215
50496
34845
26777
28456
36768
39247
32160
33897
29832
27940
31643
31916
31882
34249
36025
41948
36102
29056
33312
49110
50606
34082
42380
30133
31256
33805
32338
35254
124718
126312
53357








41261
35785
37800
38913
36484
29300
31385
36111
34826
33518
43437
42838
36143
33432
39856
42935
36742
33420
30787
27000
26896
34969
36825
34673
33248
32650
32295
29186
35514
39674
38558
36846
34657
43748
37810
47918
40955
38259
36766
42340
36728
39091
40526
42088
36049
50233
53401
41595
36326
39048
40590
54435
65395
72240
52184
122221
82913
70631
65970
69371
89590
109733
81201
104339
102296
136635
110857
138320
146451
102777
116396
113100
100595
79777
104909
113973
119012
141125
144311
116981
105939
122103
110715
110105
104310
111632
110695
104638
80322
77980
85013
86665
86190
72528
75917
70781
64547
59620
97708
137181
46523
74574
59178
60185
59844
57918
52755
63937
59956
79441
57936
51223
56749
54625
55005
48047
56604
50023
50060
59730
71771
77427
81885
86218
68485
75804
72451
66560
53270
53219
55144
52101
53214
60519
56588
53541
81503