1.067378879
1.256613175
1.825395446
1.825974891
1.670949669
1.476607254
1.203871431
1.281393052
1.252738652
1.484195074
1.406314774
1.380721536
1.3551821
1.246571683
1.160828328
1.119639156
1.133690694
1.188895699
1.174343905
1.32235088
1.353368417
1.350786689
1.278810765
1.26277072
1.2695201
1.334976229
1.298883134
1.25622344
1.236033261
1.206529945
1.167234841
0.9765090927
1.038203585
0.9386521503
0.8740229624
0.9418231857
0.9032199196
0.8830787289
0.8460709194
0.8821037997
0.9363277615
0.9010928791
0.8971422651
0.8940475223
0.8160373081
0.7405192999
0.7778014991
0.7213584231
0.5830570047
0.6578324895
0.7347630536
0.6858121897
0.6762217339
0.6874757575
0.6675468579
0.6282550742
0.6456577623
0.6100126974
0.6234833022
0.6507687647
0.6297949417
0.6370439807
0.6287872818
0.6026272723
0.5176894356
0.5614990043
0.53314802
0.549028309
0.5184445474
0.4870672984
0.432978599
0.4397689744
0.5654615067
0.5407377668
0.5685737685
0.6319388092
0.7439579097
0.8544552505
1.010409721
1.163748636
1.041849055
0.9070916284
1.058541941
0.9550458603
1.002344803
0.9018086605
0.9066011368
0.9094421987
0.9224820912
1.030499514
0.9958029845
0.9348342219
0.7887611773
0.9007420665
0.9040815579
0.8842289054
0.9108255482
0.933840784
0.9952733579
0.9944285799
0.9514712892
0.926803119
0.9735724343
0.9647385324
0.9452203362
0.8993611355
0.8677070918
0.8948747708
0.8707128003
0.9173987754
0.8717449538
0.8736009321
0.8750039976
0.8227337811
0.8247651889
0.8387909513
0.8645837298
0.834992487
0.8007502839
0.8188527089
0.7918293483
0.847442242
0.9167389424
0.9712583097
0.9583031736
0.9954898346
1.0170637
0.9889124424
0.9402283252
0.9211717831
0.9096329169
0.9032316429
0.896806287
0.8789593131
0.8675654553
0.8613630165
0.870718344
0.8530178649
0.8588870869
0.842169613
0.8694878108
0.9003543017
0.9365399678
0.9463133431
0.9381261622
0.9721969755
0.9592978352
0.9531022411
0.9684340118
0.9589767804
0.9955747812
1.024780968
1.019965856
1.068726621
1.167362901
1.129588346
1.157377553
1.210735463
1.215691295
1.321855712
1.398301127
1.376990019
1.565411905
1.544691862
1.471341823
1.692156285
2.131691495
2.481396086
2.086782727
2.384501159
2.519719735
2.486203232
2.437601274
2.298766557
2.221883059
2.403111855
2.515949933
2.557178944
2.532878565
2.517776369
2.950776113
3.165335694
3.720453287
4.427431438
6.005000308
5.475649284
5.373284922
5.169512436
5.319058286
4.368970122
3.744022471
4.397939042
4.493895383
4.301875678
4.653970273
5.608714258
5.61209144
6.134381259
5.936257433
5.897351626
6.357091762
6.440650849
6.312028458
7.56015705
8.398318163
9.504937043
10.037764751
10.935197739
10.964661782
9.397469869
9.800690787
11.971579756
11.20642297
11.208936693
13.376206674
14.893599785
12.289824607
12.966897674
12.529433145
10.956232215
10.797650339
10.439535868
10.217490974
11.851122694
11.317427675
12.403191507
11.127622186
10.640691432
10.965522445
10.377516818
11.67625154
11.73817083
11.88228676
11.354630543
11.636071803
11.563977632
11.51238012
11.186881239
10.41948469
10.66622342
10.029568404
9.758944911
9.899719595
8.814617176
8.668292119
7.516812234
8.015604593
8.433656021
8.206137459
8.555981967
9.323170276
8.960482405
8.696773039
8.484150723
8.111040745
7.855106665
8.377192624
7.995361207
7.812751656
7.424663266
7.72469455
7.250216005
7.47581761
8.892970092
8.832454373
10.107821169
9.285335811
9.414136136
9.827130178
9.277042147
9.381202894
9.529202062
9.353276546
9.350283704
9.98130292
10.091492288
10.585661577
10.176098568
9.960446893
11.133645983
12.157137161
13.353614306
14.718324756
13.693683434
13.999248439
14.248986066
13.235036602
12.66434299
12.504264529
12.49835341
11.191744762
11.763245606
12.389052135
12.678431069
14.009273759
13.857937835
13.774338875
13.842735877
13.69739426
13.970529068
13.942005554
14.549216949
14.431775553
14.440623744
13.943733929
13.96046097
15.69700727
17.552750286
18.770374371
18.421853687
20.509400414
15.397397818
11.197136667
12.230587029
11.81483452
12.984597875
12.737756211
13.676478996
13.941896901
14.276287721
13.845029962
13.932543491
12.295660556
12.8004961
13.3356267
12.329645964
12.017982504
11.825161031
11.421738727
10.540860504
10.510559938
10.098931266
11.395478747
10.995722347
10.95729434
10.515451706
10.606193607
10.489054687
11.242970957
11.325097053
11.701716015
11.31478741
11.022556336
11.582501424
12.152788273
12.60591713
14.31987737
14.389725343
12.80385181
13.816630681
11.771641757
12.966333402
12.883149608
12.840037637
12.547081781
11.868408415
10.968397852
8.352592748
10.221747816
11.032160217
10.940014108
10.898636349
10.920308055
11.245805121
12.191218708
12.141222799
11.988140189
11.973720126
11.577472668
11.259903522
11.230807047
10.250822449
10.735346344
10.72421681
10.718344719
11.262754477
11.15404431
11.061377389
11.012543082
11.013811994
11.339127441
11.256812662
11.149507587
10.913041077
10.906290589
11.210877312
11.496624751
12.002877478
12.091042802
11.797585221
11.662579544
11.751897478
11.684755438
11.550025416
11.336398734
11.630116821
12.117830862
11.596056247
11.847141981
11.881729456
11.912008011
11.901478405
12.522369283
12.684542804
12.369052139
13.160168063
14.308046582
13.7051798
13.233802743
13.318993324
12.859605766
13.045598643
12.818746399
13.074726797
13.313989439
13.096657006
13.194818155
13.269827225
13.197909935
13.470600091
13.261962214
13.056650849
12.826128461
12.655679279
12.175874963
12.029519228
11.83783209
11.750267274
11.85468766
11.960642208
11.916089475
11.944605165
11.930313389
11.974984399
12.509511263
11.973806158
12.016522079
12.090575973
12.045038278
11.93380041
11.890535451
11.272711526
11.49725737
11.456673403
11.523584376
10.336819684
11.186557159
10.8807026
10.792187379
10.783585401
10.811630098
11.129995659
11.06605826
10.920762844
10.874200829
10.890105501
10.664918163
10.519281388
10.293087352
9.664325241
10.11071946
9.991652804
10.200083857
10.02536762
9.963977985
9.453697368
9.667305807
9.530496491
9.575907933
9.812491502
9.753493133
9.180997416
9.335116894
9.288306187
8.907402683
8.708452467
8.158494316
8.650154047
8.439785439
7.637917965
7.892622837
7.46913219
6.815609222
7.631916157
8.135077983
8.302596338
8.504900485
8.098585501
8.214985823
8.472511709
8.351007262
8.207853104
7.77035797
7.796626832
7.820282701
7.856185613
7.592236165
7.623783721
7.856099401
7.575643744
7.201805732
7.222762848
7.213234159
7.268475378
7.171806594
7.613307736
8.172329057
8.153786527
8.010852235
8.064789989
8.361286161
9.626792385
10.972252853
10.115254242
10.154658305
9.824278869
10.267836701
10.28595597
10.523650714
9.661693874
9.667158942
9.650805119
9.695262752
9.785923386
9.521283917
10.258458296
10.125537741
10.385306174
10.54996056
10.872633994
10.745356049
10.751024402
10.399087248
10.471671232
10.555255877
10.509979092
10.554962954
10.430442595
10.570411298
10.677298023
10.700989418
10.810461087
10.937685579
11.333315861
11.242238838
11.294016131
11.43316744
11.335153011
10.91496395
11.275640644
11.399125372
11.354164565
11.281947015
12.972145046
12.934716009
12.835968799
12.703483848
12.816285332
12.775445603
12.750223775
12.73614094
12.600296405
13.155165457
13.071871231
13.546938608
14.547676189
15.358690361
15.702781232
17.168029712
18.993581793
19.585749481
18.638673453
19.24736466
19.670705614
18.827333321
16.749743578
17.632128818
19.263590428
21.396413226
23.098847958
28.446065199
28.536664591
34.197364207
39.861856071
44.067295989
32.267985266
44.088797496
41.863692883
42.478458014
41.262612537
43.27492998
50.894791439
50.678966488
50.049454214
49.017113803
50.259542864
52.843794265
52.313175209
49.96466728
50.425787607
48.378467277
43.579239959
41.797795046
45.590295052
42.978525212
42.401376656
44.501284387
44.190761073
43.90534129
43.858894839
46.19788349
49.750337573
47.562051722
49.122793412
48.708719279
48.346417812
50.759170819
48.159496322
50.065253649
48.801735712
49.079870647
50.608713484
51.097418639
50.973755475
54.878178567
63.957353763
73.010962915
70.451538248
79.802553939
76.846177801
77.346043869
80.929491579
94.112265199
91.160387138
96.427679652
89.739679479
87.948120052
87.502443908
88.410588869
88.456648743
88.181091493
89.138931678
90.055040564
90.504131599
87.091485584
88.213167514
96.62584623
122.162782993
123.028203058
148.65732048
153.990063807
171.080028322
190.425813171
176.817815079
162.944486385
159.055247642
172.340669936
196.078593339
230.798371391
231.372126713
221.828071223
224.316705486
225.397594435
247.427541085
248.930125232
266.139708067
256.218923371
260.341509748
280.333547998
337.792175459
341.079648919
398.430785085
389.944822178
347.781357722
346.369069943
358.284516868
372.357011019
359.438712114
362.044289137
358.053231065
327.890935694
326.959813974
331.913805149
310.054628406
288.047026265
258.919462735
280.813014679
317.293677472
300.182152562
284.691083288
262.478073359
286.13360701
278.597195338
269.736630578
265.936945466
267.469723648
241.47662053
246.214970973
238.754318491
210.52819728
194.33493649
222.138856172
206.413250428
197.969452362
171.777440945
156.468991629
188.352777349
228.503280037
199.590515533
223.461348387
217.086473958
231.143528943
226.718599285
224.913407093
206.810504788
200.328555801
203.189321782
192.585683906
205.511119197
197.19896348
203.287196342
227.08056705
219.057929268
224.867956577
221.67495953
253.155666123
263.222086164
268.496629035
295.147098317
297.06960482
296.776724076
306.826433219
308.625531335
297.159802747
296.397289524
288.450767172
300.039329408
300.57034376
296.114635374
296.622089518
295.171577328
322.201220136
312.174470557
316.788920211
321.785298405
329.025280993
329.865782624
343.341337128
344.201131421
366.809589913
378.906330735
382.934450755
386.343057001
346.398775487
349.929240441
299.717331886
318.972804116
333.206329993
329.415662518
304.475108268
299.694444471
292.779656786
296.475398843
290.586531959
277.333657931
214.311713633
246.921857287
244.805611753
249.666545975
287.961095689
280.445632342
279.417649211
257.465074466
263.469773684
283.222158993
280.681044735
288.085700942
283.929453073
302.151845352
294.313838012
288.114596899
297.26893557
299.674889024
295.840029739
292.210720699
293.035702786
293.71934612
307.708980556
309.598249124
307.058136874
295.901045084
299.917011365
303.247466535
302.019997681
337.952613434
335.33824483
335.391354986
331.967214731
317.898212515
314.456554241
308.474683928
302.356496926
300.693845962
295.488247911
289.414025124
298.755734308
298.483966822
295.707854619
297.929129693
296.464952907
303.7411304
306.249461534
303.542117029
292.330538729
287.069668746
305.843272679
299.954910352
297.517323105
301.370794553
295.235113383
308.933986636
322.329520484
301.354933353
316.25834196
314.166127707
315.343956372
338.937627407
334.286932546
330.021315647
333.351255037
348.747215457
353.435729647
365.786815978
361.055822571
379.409057275
412.557611502
475.002014978
467.446390046
468.998099373
484.362624151
474.182894749
428.345443336
454.16098152
469.863479571
469.857050537
461.880481908
472.252735496
467.016662983
448.328222165
451.82558186
467.881662613
482.035518859
446.691058079
509.000876238
661.841332288
709.883193573
704.621843737
693.097064133
702.244612799
728.700471212
798.115404034
829.989201766
813.403602278
812.885159104
669.276492289
715.719068266
686.20830892
733.90254591
774.110198125
764.967062014
736.840047017
755.343641318
736.90919152
774.696255457
776.080330356
876.890258814
963.05575069
978.416104184
1004.894972263
1052.023360107
1137.65491889
1184.923930278
1361.439668279
1345.587601738
1181.651410031
1315.618758084
1448.180086134
1410.000214509
1329.671396504
1068.600410689
1022.36521317
1036.072312788
1046.898597396
1172.917206224
1053.63320248
1000.387132779
991.665320639
1056.879232568
1059.315496026
1048.798905843
1095.782514289
1237.324175847
1169.634256919
1161.908643099
1058.096052966
1106.138172355
1021.269378653
914.638842502
941.803229519
834.889170333
684.313339727
785.738915505
751.887889366
807.822750515
871.326882943
854.349878422
817.290524357
862.74877259
833.77918373
915.076543019
928.293521405
934.676710453
964.276507911
915.092046936
928.290242546
902.969055439
809.129659708
812.446862618
864.669753621
828.723398989
842.628024752
863.650275238
869.263243825
846.365211796
855.678779731
850.442989581
844.255253518
843.75657631
840.150995464
808.449133225
752.593171247
699.189898487
710.891653267
684.934340074
713.195330002
695.314203022
684.641584366
608.39314885
612.44353972
607.879487479
560.109433084
538.690590054
555.077548237
554.209825983
561.146534225
537.705972438
538.109029163
519.48559984
519.378044592
487.539612055
449.052252492
443.949100958
385.327095669
395.326263291
395.796380958
379.123513411
384.825982288
415.71623397
380.281959591
384.464485446
369.913897669
383.446360883
396.981755507
398.773355021
412.689345627
427.384946008
488.605489344
488.992181267
495.112913632
525.52744454
507.110313096
498.46700765
517.374043196
566.392083851
590.271922468
600.259676773
617.202407886
636.367163897
705.027644844
613.726725291
657.057793485
641.993605623
672.596936827
680.120495389
662.732735837
665.225786141
676.552563939
781.425780475
777.907647018
807.067329164
785.892743511
748.813141394
744.324825719
743.63981574
717.412874363
675.291752502
683.170267613
726.871910526
727.802681643
703.155681458
702.453118705
665.627531337
686.213268726
685.846753979
703.814666649
688.91322123
641.100351142
581.241188057
597.848771867
582.279386283
580.483459787
565.926064802
511.615880411
561.740661451
555.349150979
571.727113499
573.833550484
583.131639215
609.294674734
586.575976047
600.678279039
598.216098464
595.126140673
590.498145166
581.12124968
522.998038671
529.130829753
495.076355861
474.859113036
516.644170371
485.432836516
493.067858065
491.400275979
512.428852467
532.003913361
529.763046569
520.667164514
463.940828652
472.977264762
455.718430631
458.925801241
430.60178441
437.876537473
420.862124164
432.507220491
449.430045072
447.680550574
472.311658438
459.698723541
463.222208305
466.879480101
467.590114493
481.523823512
483.804030775
469.702229373
431.764454463
443.025430426
427.792244364
431.266939713
431.784568418
446.609520868
478.208506961
497.177546085
475.990157908
464.789942676
447.203290932
458.079028359
455.533201933
447.921379126
477.20927168
468.737492322
460.869333926
467.957926552
465.899155266
466.419229116
458.08092121
432.350117922
417.275406766
410.925133107
417.355393228
406.883991196
409.164935405
404.817197891
377.750901148
353.646122927
363.685179862
332.492433115
317.314477429
317.956113079
284.958664658
277.746016618
281.141193136
286.320221437
314.793252727
293.176991778
299.435122563
271.061552178
280.374717145
269.248399429
275.80838507
281.734642001
277.96671057
273.503414188
286.96110376
296.296127637
288.505360572
285.102872627
282.223178702
295.646161762
294.58568848
288.852825638
285.485756647
232.595768717
229.374958049
215.432237452
196.865386852
195.87733832
196.361532671
184.082231827
182.945576253
211.826727487
211.38356172
223.053082304
220.141579435
196.5766097
210.150696475
209.142526778
224.380977673
247.410017895
241.843731759
244.784795463
228.340911509
219.504343757
214.979380254
229.22195926
222.229239762
231.735873298
232.781385246
231.143684623
225.794853829
220.474460292
222.195847791
228.036070249
225.068807318
225.658348641
229.524615026
227.968907792
225.662016177
192.001084148
197.068015947
201.053499684
196.318698412
212.203069439
212.444286547
211.082693025
204.313048929
203.976262531
206.882098662
206.309826796
205.037754909
204.083945581
203.522198774
202.353022757
203.384968565
203.187396324
204.722340702
195.751404521
197.448449585
198.639048834
199.122607021
202.282757167
200.136227763
206.8144296
209.10887662
219.160887084
219.015774751
213.407634392
210.790619598
212.965827877
212.473324744
211.656909249
208.582296474
184.022559372
182.448242595
176.022405665
175.667416356
177.728689607
150.391162766
131.476679735
137.173043193
126.066387608
124.150296354
114.287931259
117.525277506
109.430988547
110.434943589
122.446424991
117.705385904
113.402883152
118.100759037
115.944282732
108.676847624
109.851915001
102.511041759
91.101158456
92.967950172
90.678256097
93.530126822
89.853717308
87.850410704
89.377901616
85.958727064
83.785962357
83.833582132
84.465846397
94.073068383
100.050025393
99.491553658
114.4291837
107.853181105
115.045821815
129.206503414
138.957818332
127.637072523
129.511373993
114.101363551
134.01993952
138.754266612
137.631692979
131.458724656
138.144802205
152.860452713
146.730599434
153.056566931
153.651871495
154.699308399
149.898697621
148.147865531
148.738879852
126.624752498
124.626797073
123.75936261
114.766045847
127.405273291
119.814373247
122.245538505
121.92726667
119.170739169
122.928175789
117.607872901
115.826864333
117.817188807
116.416019699
116.245435674
115.149906059
115.337166871
112.513489243
105.352391898
104.597846281
108.27309467
106.335995814
107.009558272
108.778176927
107.199996972
107.618245394
107.317038533
104.623626232
104.265364392
119.333604634
119.489555173
124.88963479
120.970261747
122.542088948
122.094129657
120.592173996
121.572278476
122.938608359
133.881469617
145.326026706
143.655234176
148.868434676
145.295823244
148.041650316
157.675595602
134.316028696
137.821866526
135.997837851
134.849817134
135.490683764
134.954708774
132.407426588
130.540347741
125.624082492
136.550247689
137.326651528
136.786142284
133.541693193
137.196000304
135.620802102
132.387534044
133.287425635
131.668344453
132.146237926
136.447864813
141.088044163
138.550630282
137.657948931
138.522516655
139.07597318
135.056010727
136.09953602
137.198068664
136.057483001
133.817519979
134.029904383
139.636606644
137.811988523
143.146443098
142.289652629
141.586389045
141.514555202
164.050542896
160.43283832
157.412225808
165.138523471
165.325151865
174.090522978
180.011923553
175.294122427
177.325317809
165.037106827
164.571948372
163.971600335
167.618001179
160.532490785
166.484537868
166.327264603
173.413627811
173.228262169
173.166287671
169.987889309
171.04347079
170.912964185
165.66966005
153.930440622
157.375701246
158.289194342
156.595189149
154.08028243
160.744691847
159.489314402
160.957187961
166.632115268
162.836316907
162.370134973
172.828328452
170.095897481
170.110633115
170.575494179
172.682090891
196.690167729
187.272018371
196.076113013
218.284609688
248.74500427
264.900121389
243.57049918
235.327201341
260.596984031
251.9614995
256.083040183
244.549463014
244.646095797
248.545262905
250.820364697
266.122182078
273.405088178
271.227867158
268.785756456
255.377363146
268.126039205
264.727324287
269.93882948
251.752575329
240.239433658
246.82656909
249.967911772
250.63689323
244.629805719
232.041584168
247.252276228
245.089378539
260.566634063
255.120426642
263.928538438
268.112192896
269.071693527
273.123688452
264.78793108
269.152799778
272.334690986
294.475622966
310.654998672
307.947210264
311.068229024
318.635944658
337.34095781
295.841652888
309.949031472
321.432799038
292.838876017
295.255898071
290.959672107
304.170542401
285.21947088
287.985910584
289.577138341
305.336252901
312.466368829
307.779683752
290.009967158
268.635213048
275.809208435
270.314761248
227.12207268
230.180194112
199.940521854
210.838537127
226.303534287
221.11374095
228.964804085
226.153407727
217.652561658
213.502151608
217.197777748
219.487790973
219.582432628
206.531772896
211.229753662
210.823516509
209.646260741
218.613085536
216.630420658
217.795462077
221.416118753
221.988152943
232.823683505
227.020711076
226.401193177
221.995886207
210.153618958
206.504625468
216.485580552
211.113141263
209.265737148
185.65530059
188.152781168
185.153243552
185.760041094
194.357367617
202.95975076
196.272747286
187.016189109
191.521195968
194.209387357
190.555750893
186.322368979
188.377257454
186.970684878
173.02703573
168.799165028
168.670888374
172.072969294
170.727545145
177.716478953
178.826477843
174.776275548
174.193810052
169.422866948
177.852588891
181.483932052
181.014656232
180.14939153
178.082949806
181.010836086
181.211945004
188.305681584
189.255046335
197.606916384
209.211163042
210.249073729
221.742925995
217.953443824
215.345239605
211.617538405
201.003377526
168.673579646
170.288867692
166.216803229
173.904949006
174.079705412
169.689474752
179.757161979
180.632440828
180.578930588
176.858525553
175.863153654
176.277256573
170.447106282
180.144247603
180.789793267
193.339937814
191.04108657
180.552449052
179.946535676
181.287247294
186.616067531
180.745630792
175.054069355
177.476918634
172.886260581
171.852410432
175.212108577
174.354496088
171.426547216
161.584043593
160.678391361
181.453191562
179.535270083
183.580899838
181.861799873
190.505960918
183.133751487
182.755701247
183.064191452
183.215681747
181.824439962
185.76433086
189.16575518
191.300400454
186.816531957
183.673622761
184.958145431
189.044982224
184.839873654
186.865939846
187.842888494
184.788306895
180.168711408
182.63065416
183.987963875
178.385599373
175.820484576
174.804457278
161.151477279
149.925692064
151.966084935
140.246810841
146.346186945
147.57506849
152.615068348
150.91034572
154.255305865
151.735854045
151.023156886
148.867267987
147.12795177
145.40170953
147.79749211
148.605698153
147.145786469
150.292448805
147.429261327
145.568679185
143.122978676
145.025925456
144.618780833
141.84486516
142.21086919
132.722743211
121.77010729
132.741361117
128.07915387
128.270194179
126.932873256
132.177469651
128.169971706
127.725598904
125.01870585
125.614584315
126.327180189
128.066987438
134.3236472
131.462136384
129.186385293
130.484685031
127.045258012
133.702648618
134.136882698
135.005713642
143.806397956
143.019432265
140.273935274
137.860559282
144.604774346
142.182333275
145.422876335
143.58796905
165.991438546
166.253096905
163.805901114
171.156217877
174.238373183
166.627105951
166.938528058
169.279935858
167.826529641
162.519371106
162.409479752
160.673610862
167.647409586
169.736435735
175.190003053
173.706888236
184.726218431
179.229103852
183.336937552
188.550641794
189.861763463
188.842207369
203.859318375
212.733414214
223.276319748
223.300776974
228.292260832
224.14699652
236.78534853
264.032768243
267.670444504
284.231891474
263.899946392
262.156244317
267.935665616
281.945740306
259.183803748
257.988395305
265.164459134
260.996540132
274.631215779
265.24219122
248.317381394
224.810508297
225.429715117
227.705284484
218.34835693
218.939796974
231.679446046
223.960116018
224.134877372
228.080935102
244.23846952
237.380790202
198.819642288
200.846871482
200.749038549
194.21794124
110.597897831
132.572857702
123.030844109
124.603425531
110.991598453
117.217041385
117.700424647
136.81187579
131.964693973
131.943218453
122.520598767
135.58865798
138.776571273
136.233921422
138.766937599
130.286561888
131.424052141
125.318874516
132.363738954
133.236446844
136.216385573
141.453705352
141.261543266
144.200802682
142.850883465
169.855049793
164.516019711
172.803568267
170.095103524
157.740158008
158.327877942
158.86382572
156.701358791
158.267151183
153.22286368
171.775990751
170.445890477
187.143544116
180.058596541
170.704058687
170.45154288
182.276757662
184.59370248
187.343368614
194.114236826
197.229904446
196.462625351
197.154731566
215.548172666
205.556005411
211.968295349
213.943011214
210.024709475
206.832534235
205.22517974
200.2547945
212.292476201
211.689048351
210.431818138
188.137226159
185.674718097
189.305781819
199.369372543
203.211246994
194.273097782
200.583390903
206.768894037
214.357641645
213.686720212
209.920788289
198.917515751
206.22772964
206.411206958
200.690728582
203.810118342
200.963615407
207.845893891
219.591564059
220.491167346
242.709770268
232.331003039
248.044566584
237.265320129
244.12533661
243.707821316
240.246968988
242.021640367
244.226744395
246.21278326
243.849526652
247.54197153
232.000785362
237.593410877
238.293629101
232.112520477
231.017011553
235.288479483
233.863618462
231.684857321
228.959212803
228.869148797
227.79190591
243.364709992
243.079482239
234.564984644
232.6487035
229.636526027
221.026085297
225.122946165
228.205763774
225.592814969
230.661943591
226.57442434
225.17640548
229.094716462
227.899375038
241.526851874
238.964480541
246.859007868
241.975128579
240.954953783
239.102025547
241.771522601
239.638786812
240.251470668
238.663597206
233.837074563
232.781477438
235.681144776
238.895231679
236.060098445
245.233735026
263.762463966
274.723620259
279.427056248
305.038139411
310.517990952
320.47619131
316.406766052
317.539072916
334.741922037
346.003506073
387.942421171
370.732302431
386.247447718
389.38300835
400.184362503
394.541745461
379.13515585
391.478438642
389.622931113
395.209913657
379.174763953
387.500530824
427.490265368
438.76258747
432.654665239
433.431860932
430.03250509
422.106652866
406.574469182
416.469775823
386.823891419
395.885018289
390.789135048
408.269145632
383.662143118
385.752499875
381.837651321
395.138213239
399.374543834
428.295679164
435.693023299
475.684664263
439.353760215
383.691531178
387.904029094
334.468593014
352.993002146
351.877860292
337.845051935
351.232267083
367.63892881
373.91490599
387.72351629
365.695506306
376.394561113
364.690045086
365.130550812
388.797456232
383.172865992
385.472123494
370.967895162
341.277130872
343.917547101
321.077435174
348.821019979
351.331567022
354.261581914
357.066436407
354.429583538
359.426089538
359.598984751
353.197848138
345.912568228
345.992463193
352.458806504
353.604427311
340.616021813
341.443796478
350.055676568
365.339444819
370.471810973
374.497015093
387.255558357
381.168773899
379.210253761
377.158681079
365.990642383
368.650470364
378.049365324
379.639477332
368.227014235
391.166742178
413.201890336
408.889488644
411.959217753
406.157094148
393.382908392
403.529837834
388.877339882
386.446012987
382.900771038
385.844588798
394.936342049
383.849803422
387.616373722
401.733096832
415.927770431
454.651543098
435.418354083
455.358366972
445.051293342
449.816184501
463.18087172
462.205619579
475.969093658
462.718397061
449.20680164
461.371196705
482.198384724
479.437661362
471.317958394
508.792214585
548.84211625
560.508887458
608.273310919
602.666262394
568.27515304
518.467045216
517.553026406
537.392612094
574.751119655
612.263785612
589.581844354
598.760610096
616.506661566
571.190431635
595.919413968
601.968934924
592.386506682
554.329674302
573.89530911
560.454265408
545.982835263
568.358753407
590.324440303
585.541894936
589.066831645
635.96188938
644.065270193
654.420416297
659.318807637
639.515436878
610.427027898
634.979723443
587.958895499
612.879657051
626.456738778
636.742317194
689.659857327
732.957029298
735.590898163
752.855932449
738.616938152
730.14734022
777.696065304
967.000596729
1025.654767567
1103.358251623
1208.575092873
1229.471315015
1223.729688354
1282.979575527
1267.731003151
1092.914337881
1045.40681523
1132.015591016
1216.914788463
1171.860017705
1234.631870083
1229.379698072
1255.976691513
1383.484090228
1385.852995875
1122.912432537
1236.683442754
1231.176379704
1392.539763445
1323.429503102
1355.233724241
1253.141671559
1328.773619067
1380.284259135
1372.427228964
1317.047436229
1368.664454812
1514.225195752
1661.000824367
1587.800899186
1724.856908339
1683.941297865
1608.640547986
1750.997553719
1769.053533935
1739.164209005
1782.508869122
1841.197750703
1810.842545732
1804.984146437
1775.758351702
1782.575309051
1845.573922157
1938.569436807
1969.979717763
1929.36769288
1941.42676768
1788.615210281
1563.924605901
1628.391533793
1468.860103729
1450.988746804
1480.129576848
1416.661552838
1570.399689634
1497.089104263
1579.42716876
1546.499621117
1539.048429095
1661.9279699
1727.463096225
1837.533030544
1869.331101625
1802.311091688
1826.057476812
1770.93617937
1927.7207204
1866.071544701
1791.04785183
1808.551217361
1828.754833234
1780.159645953
1817.132962808
1817.860143129
1790.378074753
1686.891197158
1673.859183563
1581.631055931
1587.297964159
1700.366869358
1713.837875683
1689.036798206
1817.626388089
1840.294951985
1915.832535846
1970.471199523
2134.101788297
2016.667247293
2077.755212422
2097.796382779
2115.055451746
1989.148061904
2081.35406254
2069.667796086
2142.796065393
2150.265142793
2142.476275866
2304.343516311
2429.661527752
2514.168415581
2424.553844708
2345.266962776
2245.760753351
2168.032726736
2324.284687228
2373.501344298
2426.071149791
2364.231203602
2212.843797634
2307.355320845
2532.386802885
2647.15818966
2748.784585122
2757.497552305
2776.703711699
2944.916947319
2953.29734808
3439.855069519
3245.663148934
3524.562728476
3495.075869036
3493.5345
3912.742916597
3932.754068171
3979.608651921
4182.790285752
3906.108903329
3750.341595059
4088.73170832
3659.921844214
3602.00489693
3288.229887238
3399.049279657
2505.014945946
2778.27966056
2419.103217115
2306.371266867
2120.03737451
2640.159632349
2695.47780715
2882.483407624
2742.990862698
2433.328865729
2294.626285513
2395.853228003
2708.429865794
2632.65659987
2717.15403671
2858.276702098
2694.497666679
2624.768915059
2711.547939011
2580.53558006
2528.022300879
2620.625389304
2486.600068789
2356.63477419
2379.99174795
2517.771695525
2587.381610979
2561.188330932
2365.872786191
2380.744519634
2231.554315498
2176.308536318
2251.560559366
1900.122299894
1875.357694471
1971.105977981
1990.076151191
1833.463160998
1817.047665541
1973.926864838
2087.518723787
2169.400067866
2279.35416142
2121.657900633
2157.880584866
2228.532398569
2329.004750999
2217.30185306
2320.654928832
2317.236942702
2126.44246739
2156.580956953
2123.058597493
2144.014257272
2042.499186614
1944.395016637
1997.663313671
1910.726951631
1874.200249681
1899.842750066
1905.723382843
1824.929392092
1794.973425187
2003.723921452
2027.533447917
2117.154607795
2183.627414558
2209.499360103
2230.212067673
2292.579636804
2299.689405936
2383.443259962
2462.399982648
2541.674599366
2555.408178513
2611.673069948
2521.268474889
2724.532242714
2821.649692746
2888.732274275
3151.217516918
3012.30855927
3163.064655195
3147.842995402
3166.647217968
3048.412681686
3323.197990541
3268.548177031
3309.754910413
3153.583683764
3007.144027171
3037.230251196
3144.818436785
3276.969836643
3224.000460152
3243.486358354
3320.409169781
3177.663796305
3231.441451729
3122.971797238
3267.539434751
3245.430222388
3233.383151694
3232.733863285
3440.562335887
3790.613996222
3793.300743346
3936.163391624
3894.937511605
3950.270344527
3943.256785302
3440.341756837
3496.859022996
3435.979932651
3209.915696091
3268.104162135
3417.839366767
3301.186776829
3425.250873375
3595.962571429
3573.307516025
3412.177182422
3427.584261532
3335.884886514
2977.32267934
2744.11099953
3074.119761246
3159.269865582
2930.742706074
2946.97084614
3063.316344713
2939.742282854
2798.98441726
2855.611730527
3013.493232032
3305.107041444
3393.92424927
3426.387080851
3390.31040776
3520.342256639
3592.1761295
3594.918357968
3558.549577083
3588.08092155
3431.019306915
3537.840087124
3498.105292121
3605.650334298
3794.516888225
3885.64176453
3854.498461449
3854.223686941
3752.618727385
3884.587295243
4170.107932886
4074.86015752
3990.711976433
4179.442298169
4094.938993419
4230.208371594
4152.570288731
3944.090861781
4288.097218787
4422.940535594
4324.609925712
4292.040472362
4330.553151595
4596.593090584
4607.699273078
4550.014435143
4494.80276091
4527.104154151
4626.629288449
4815.004634322
4742.080910607
4641.52876485
4732.924450349
4685.106355517
4666.498498194
4652.947394239
4583.211418759
4243.352906802
4302.804958963
3993.846595162
4317.603195646
4436.19276693
4319.361566857
4101.06287649
4355.420957796
4269.437219728
4515.843300143
4048.312844076
4084.088485696
4290.091862536
4444.528279822
4637.121616831
4589.610617539
4519.441028029
4240.155516809
4101.656791811
4198.572874562
4347.615630598
4310.566646425
4431.54064714
4153.333310724
3918.200743403
4079.81493057
4135.841510137
3782.895262235
3858.164468181
4015.722543314
3971.559766342
3886.747361718
3966.425351671
3928.841723872
3950.482391986
4036.549717813
3992.594576637
4113.529931875
4055.117366931
4110.571870854
4075.03161895
4045.051350119
3807.360367499
3644.405516878
3714.945456115
3686.402542302
3780.315874328
3835.395991494
3769.404940115
3794.9081301
3556.906227408
3416.826008616
3201.794574348
3101.040901614
3156.967262159
3086.729002439
3246.413723029
3378.035895172
3256.758866133
3311.986061274
3331.24665516
3356.295443859
3216.59298062
3166.453911505
3097.021466063
3015.588777544
2564.343342374
2407.377851608
2537.836727861
2447.831512095
2465.219229849
2470.430412016
2411.863855325
2551.111073519
2603.603872339
2610.182405591
2689.22086722
2797.434855274
2690.319739477
2667.256728216
2993.099439514
3018.673398157
3062.805808451
3149.95328551
3127.43810674
3240.921044488
3081.911501841
2930.563169206
2918.085367429
2889.235678281
2935.645499861
3179.300206535
3128.640780542
2881.613122163
2792.303847719
2768.971652035
2632.491399117
2574.513383778
2644.153655546
2594.70095911
2599.933569687
2771.890509646
2785.338956902
2629.483120821
2919.294962426
2977.276039757
2953.315776286
2836.906336601
2619.356137634
2668.705978657
2558.35987405
2498.658864965
2576.627153995
2731.037685294
2611.464722505
2562.832353536
2579.458135688
2518.492845271
2591.542040959
2620.363852421
2771.759457292
2817.401074967
2945.745910186
2947.226158224
2860.641960902
2896.586932432
2969.784983658
3028.835257711
3106.657023585
3106.072054159
3140.875710506
3285.173096731
3328.934124687
3401.18443104
3383.788761781
3283.302842572
3451.196090867
3440.336238489
3521.584724779
3520.967117504
3422.969883755
3171.371104499
3232.834989
3192.025091289
3265.938067729
3219.159553454
2992.702106425
3038.209421996
3121.399823462
3023.417211885
3045.428074801
3066.358014145
2995.71942102
3061.890571147
3104.688447526
3079.676477602
2987.488876034
2967.085285238
2940.687977771
2922.9018652
3008.336347085
2806.748835957
2889.592223023
2932.455083613
2817.489882192
2738.174135953
2832.513106895
2861.372375556
2786.047247801
2942.052313123
2753.936566547
2699.707247089
2641.22910694
2517.829922489
2249.890962221
2344.797715644
2080.910243658
1966.699171134
2010.214051125
2064.229357512
2147.047447881
2025.888698391
2095.178884797
1915.177123266
2023.848259361
1963.990939529
1978.147132562
2046.646349655
1974.581194479
1979.770545006
1944.842844507
1807.969474288
1724.875734032
1798.694854579
1814.983159803
1995.936484155
1944.078766836
1828.892654607
1833.089840846
1776.979907458
1804.261669511
1805.331394989
1860.181306842
1818.387711983
1794.539625672
1788.418286662
1663.844367412
1530.038617432
1454.686760173
1205.59528554
1214.866264913
1230.364335356
1068.603574865
1087.813924458
995.252569271
1125.754091794
1132.054393583
1124.561392017
1051.074068159
1144.480753481
1229.304085447
1244.286204495
1201.237790642
1194.224508475
1143.533535721
1098.905517611
1057.630999061
1068.81944013
1068.5415026
1074.607317579
1153.348314788
1134.017069659
1188.725642925
1240.378405662
1233.51467926
1216.849706848
1169.012707661
1097.449438048
1040.797145503
1112.920782701
1191.13083711
1234.099138976
1355.045640219
1344.720284002
1570.658958864
1542.629821433
1527.413930759
1576.825239498
1536.124922239
1552.496489191
1601.207967013
1450.482285214
1438.988038223
1636.949181468
1723.548520679
1739.042177136
1696.785098214
1682.011373615
1636.018556357
1638.378682657
1621.341323636
1612.418906727
1725.382627021
1693.296591836
1699.006417889
1775.701355527
1698.966129013
1852.878555266
1881.427405435
1959.330924719
1982.411828051
1936.701163605
1908.277641906
1880.600101259
1834.826452643
1850.111291047
1618.532504263
1579.415723095
1624.149982885
1622.307034578
1665.791907392
1657.793642466
1697.076971964
1510.189111484
1496.055465942
1438.747050328
1555.177456042
1525.400116232
1552.562966228
1588.980351087
1575.176630728
1555.674077208
1578.949301343
1617.935455485
1564.55895403
1629.883231164
1635.932176013
1717.076956984
1779.519028883
1761.317355881
1710.164290852
1573.205213695
1635.368206192
1471.999592516
1432.215807479
1471.203955363
1335.852552385
1379.920704526
1324.190564616
1252.774562169
1330.792792922
1329.55880673
1318.099347022
1294.07509528
1335.121205199
1331.150176934
1340.023059482
1335.738970634
1329.146032071
1311.263324416
1277.90134528
1323.504017972
1363.237182195
1352.586524302
1351.427369198
1324.894738029
1315.857799906
1322.269755219
1291.08165967
1279.883307547
1294.271051388
1288.164014702
1297.627605322
1275.693777395
1306.943118829
1333.44087763
1311.806725516
1284.654933702
1282.042646776
1299.801905251
1313.767778723
1364.486871306
1343.334491985
1462.048937563
1568.747585571
1514.863525253
1555.029213581
1619.429583628
1591.051773496
1572.979514886
1580.37873344
1520.638364379
1531.112630742
1644.192857809
1626.806430493
1572.947776972
1569.988636003
1334.287933108
1095.183977113
1301.553880307
1293.911594887
1255.601050758
1223.006443328
1241.997092728
1252.706730837
1217.702089216
1201.789841964
1213.496310063
1218.893657111
1144.253152509
1110.288213012
1135.175811894
1184.461758103
1204.207802833
1198.975588489
1205.657960216
1196.196219566
1170.115741472
1216.936420694
1298.940770374
1276.639371403
1293.948023178
1243.040842329
1282.416448139
1259.757574857
1271.935476126
1233.625048399
1281.210637067
1264.477346722
1264.79227935
1264.317985551
1275.332421155
1319.413007743
1308.40015234
1263.746424086
1165.973777282
1189.427521564
1186.777921036
1166.989590516
1217.888891664
1213.343161226
1217.852549711
1220.70174492
1221.359530348
1219.286343216
1226.253414831
1211.819562064
1188.728663882
1201.543106059
1199.110497171
1196.613064808
1200.659216901
1214.378945925
1214.760969419
1256.436603783
1250.792252236
1270.028610178
1264.836943384
1284.575404134
1321.676571173
1336.017071772
1389.771662094
1417.134908744
1453.376910209
1549.111474081
1551.324517175
1577.725890483
1569.530833227
1516.555475474
1550.508887559
1661.334919341
1625.909310989
1630.844854941
1632.961726714
1557.059760872
1614.677185063
1602.846949252
1598.470193545
1573.063439433
1646.515990093
1568.647713496
1586.539576584
1642.857168159
1648.679684077
1665.427871224
1667.271692564
1631.372523364
1617.144163289
1672.822677776
1651.408378602
1546.383768658
1515.534026862
1541.968876941
1515.334631181
1506.916201014
1556.963484345
1674.858207474
1646.143501887
1697.084866574
1692.518962831
1680.3786857
1700.198681499
1656.582369571
1643.173393745
1651.850006691
1608.103493654
1593.951973791
1640.582710194
1633.976628983
1606.632639455
1663.925777294
1647.664666908
1570.6682106
1568.495601056
1563.225662006
1567.350146525
1563.813182248
1535.260252097
1440.16766188
1429.603169104
1474.403244402
1588.196802053
1678.915634393
1708.300897367
1658.070108566
1679.792476208
1793.298801734
1769.425326912
1801.367419011
1744.44145996
1811.411243668
1747.640028114
1824.956657895
1751.219407826
1753.982636507
1776.867690457
1719.170972675
1776.04363933
1795.536947827
1792.908578308
1824.020005553
1823.000379825
1797.736988394
1810.466255485
1871.333525899
1911.338689952
1872.246682368
1866.657544787
1851.050671071
1859.940387288
1909.882060942
1892.93891107
1920.223031193
2012.785415162
2102.946188295
2093.166331332
2118.598789154
2077.535664637
2103.278813592
1936.425920798
1943.435598193
1850.149738424
1877.541328061
1863.639142214
1842.630792087
1870.565223123
1867.589325012
1910.456779103
1894.42808395
1905.273852273
1885.391935337
1832.725799407
1870.828572788
1903.728210735
1877.401195053
1993.612965747
1900.410599026
1895.230148055
1849.288629563
1846.064264023
1842.865558835
1798.071945526
1808.694999902
1797.199470138
1799.008658615
1820.044759541
1823.663018348
1821.05063471
1802.390955483
1812.131703561
1818.969529504
1804.929067107
1818.401464498
1854.193118273
1800.736010306
1805.805760406
1828.95653662
1830.306651317
1913.816249317
1893.71427409
1901.078310165
1874.694885027
1861.725386948
1907.212321851
1892.078176465
1893.178280382
1813.6816549
1883.242584626
1832.320402503
1846.030001782
1839.208012658
1754.673228411
1751.724596504
1742.596052567
1736.789437167
1650.676667554
1664.977462394
1716.377281093
1726.372809735
1719.273161507
1734.793103443
1790.190440732
1892.899571917
1874.177947017
1891.345008022
1875.059961928
1899.147312105
1859.802419643
1890.012903784
1828.458336401
1853.445245875
1934.045714262
1924.567240868
1933.959881383
1953.781127649
1937.000425539
1910.50526051
1855.474783636
1869.317187142
1864.868591915
1866.91674248
1875.274272672
1875.865871929
1873.506815377
2003.253616074
1935.940240744
1931.389384157
1923.035989816
1912.12283557
1897.199112645
1889.223805552
1891.014505459
1891.472402827
1858.311195808
1887.826980857
1850.431150588
1857.596592747
1871.533105711
1858.777021381
1874.693995076
1880.91807653
1861.869909793
1857.276195763
1869.745108668
1838.011951876
1835.701302675
1828.461193776
1835.070577842
1826.70677927
1826.933485573
1856.844144512
1855.890727327
1850.876988699
1847.541835114
1848.505238656
1839.512809542
1843.513391005
1826.913128159
1809.460474264
1675.862170946
1660.67910953
1669.233454808
1682.461825141
1666.840465499
1635.191294137
1679.123993492
1658.399653885
1653.429319657
1645.904999679
1656.931058477
1653.198566161
1730.190257876
1705.108103226
1645.181525417
1630.6058905
1636.162198956
1635.403043113
1630.627546668
1633.077003857
1632.902416346
1646.305082728
1636.354258593
1634.445946294
1617.486179585
1549.893423159
1594.974501394
1607.73669704
1626.436340687
1641.934758284
1634.419884999
1622.478777058
1636.634608991
1643.698418257
1621.532955292
1583.824247007
1593.47015355
1593.179974436
1580.477794586
1588.47118344
1592.486125619
1597.416810261
1652.196396535
1667.988848771
1670.998955757
1733.818034916
1665.276425111
1656.322003072
1648.193372528
1612.994889247
1646.393402293
1635.082855249
1634.221655148
1580.177760485
1567.458226489
1564.916203044
1536.812804708
1550.966872996
1555.456207934
1557.760809248
1601.232189643
1565.060587724
1564.071187202
1568.374683345
1603.909935597
1629.295529342
1664.570638094
1764.93030858
1784.773410989
1785.555149097
1804.161769138
1780.570411862
1776.353565835
1798.165413546
1809.639301345
1816.80314893
1846.482230513
1800.907179881
1834.173056706
1855.454385276
1895.938066007
1898.518225584
1887.315321843
1891.491779137
2128.609503944
2078.853466304
2052.994586064
2046.087079974
2060.532856136
1980.515430625
2061.635532253
1962.24383959
1956.517432117
1962.63056611
2011.126721064
2022.388147537
1940.444810365
2065.94144131
2062.269551858
2080.851757518
2085.42662154
2064.074218166
2030.000505812
2048.535256653
2025.937327699
2051.756717945
2085.712361321
2165.297880951
2190.70404037
2242.961542677
2294.095169853
2232.02544021
2354.386930946
2359.889056483
2341.072481152
2352.098728489
2222.3468384
2200.333716181
2260.882352575
2317.465074374
2219.951617876
2227.936447135
2199.540121188
2216.929013563
2176.839412657
2198.421404461
2236.186961753
2327.048962712
2310.955662998
2264.911143672
2273.632612115
2230.876184396
2376.771249284
2345.260708745
2299.526207275
2294.344006345
2279.941008569
2350.026286009
2360.782119589
2211.170827864
2270.977439334
2267.087035485
2241.510827004
2220.151561689
2331.660329436
2341.160624264
2588.769163919
2618.329861896
2524.501693891
2575.924735433
2477.937478431
2515.319980394
2589.48263163
2528.328785452
2467.328978514
2489.618064653
2470.263615104
2454.90954334
2307.587003499
2241.942776155
2236.739313097
2219.614527446
2268.870731507
2267.907851753
2257.054464646
2314.59472753
2344.00140002
2282.485867016
2301.737299309
2307.432998483
2294.715924804
2290.084492877
2298.669906674
2372.760878735
2424.073040465
2420.968561479
2487.850897197
2499.492184156
2505.076808454
2657.990407977
2641.536097492
2780.372974907
2826.821475855
2807.371703054
2788.5613325
2874.94527604
2943.723084778
3015.438952062
2977.082016683
2974.131586132
2926.285912906
2988.317384064
3113.408298288
3173.629946837
3242.047653822
3380.803955542
3347.690472423
3431.75199772
3421.892146924
3487.190931867
3634.311067557
3581.534884909
3822.365818156
3861.900999014
3893.613884197
3916.041187699
3887.473104733
4070.604074987
3978.685771378
4007.912126076
3879.038366643
3738.381184462
3514.222472178
3643.28034738
3525.89364067
3171.29383664
3515.688431855
3493.43043878
3322.89127732
3353.371241538
3454.25707139
3588.493402189
3591.548527903
3505.218116183
3560.261511468
3516.096057628
3507.660655947
3644.767598785
3508.247720109
3274.901203544
3316.682954678
3332.089836616
3320.281588983
3362.838907503
3453.436126179
3695.239391142
3503.653599684
3539.763064065
3508.578498449
3245.500592698
3022.005785248
3157.683765828
3101.190735675
3083.706014766
2982.61573471
3064.911592229
3065.682561566
3152.191506652
3147.137754299
3199.769589894
3218.967268643
3138.814357009
3157.619317482
3131.41921974
3259.252222765
3259.503404256
3213.689000495
3018.549635878
2976.090207516
2988.548649045
3102.151292366
3115.023321573
3136.57511039
3064.59139956
3015.159769617
2975.726966065
3038.344704667
2910.684500017
2908.982784903
2931.310666914
2948.303455266
2881.795991615
3035.758955126
2943.585128384
3095.996844293
3120.549378254
3071.324418094
3656.390090299
3792.486220212
3741.897740561
3766.398091342
3727.065981583
3750.07715939
3825.277957578
3893.392105894
3840.6888604
3765.302556778
3748.639152333
3761.069245648
3813.45244156
3780.711984735
3766.637649941
3814.932030146
3871.082090622
3812.701856549
3679.376652374
3683.025380135
3705.899884405
3666.827664726
3498.555954222
3559.447533626
3465.316584199
3478.774834989
3565.123259186
3618.508652976
3510.358693529
3480.471338428
3555.965839554
3511.284828154
3516.880980005
3494.798562173
3417.797137298
3357.100640073
3395.30468734
3365.944669708
3442.91015811
3374.605130307
3371.278227967
3435.318327634
3438.009079
3417.898425548
3295.80846443
3069.043400834
2984.398102498
3066.247437954
2928.601231006
3016.083353795
3064.09236052
3099.710186131
3102.090230229
3132.98083861
3173.504234138
3252.654184707
3488.538758028
3446.765889304
3389.441287038
3428.552018767
3505.222536388
3522.801302812
3533.118349531
3443.073350817
3482.983770593
3336.380253038
3173.763398327
3278.186957528
3254.611672583
3272.85013067
3316.942188773
3276.981779517
3233.076804863
3204.246523746
2983.300976694
2906.715024177
2682.437392819
2415.631139431
2455.511376651
2341.590346028
2685.012750687
2602.184071276
2608.035743629
2558.790870731
2726.777988552
2703.550558764
2662.780395092
2569.860481216
2592.249006212
2613.139261446
2614.601280626
2640.590420733
2575.643435504
2630.298801764
2623.289171365
2763.255407364
2767.840733546
2745.164671605
2683.08011549
2457.277351755
2527.026981402
2526.7383553
2527.690204916
2513.3643501
2430.020266144
2534.90481684
2437.147155756
2448.307857841
2367.770050951
2223.780428383
2272.697284995
2296.402952076
2359.565766832
2389.474011126
2342.963923694
2362.300238175
2445.086210323
2418.082808318
2322.643331748
2295.134838654
2341.09241326
2361.960992101
2465.234783317
2557.621855544
2614.599604754
2582.847683741
2647.993162203
2653.844345308
2578.566359563
2630.949837009
2698.192821235
2680.218702062
2659.611211612
2597.341151683
2451.63152259
2365.231040243
2348.004836925
2416.918405555
2415.403813745
2438.030912544
2422.750641296
2441.46516962
2367.615096789
2381.781708801
2435.713784369
2477.613027558
2466.860726709
2628.504376158
2602.076043596
2611.700159182
2603.120292335
2643.156520987
2649.97928958
2742.95914116
2665.731938974
2619.565313051
2524.103856309
2536.23404132
2422.093289229
2479.373603244
2505.502947139
2564.813855678
2638.637351278
2657.614181849
2514.750787241
2513.837287061
2491.352150059
2456.979687345
2395.947213913
2422.368479856
2720.621745007
2894.971873384
2960.959336938
3130.035524074
3191.904455552
3372.791486343
3260.934386131
3191.899184399
3059.812296932
3093.91304339
3133.880223419
3075.534532602
3209.423907333
3112.909801015
3075.193856649
3365.936971547
3327.757195172
3394.036961783
3368.702761943
3417.291223692
3325.636532588
3666.188490438
3579.240786247
3598.193321225
3709.909439107
3708.807238738
3643.855375704
3625.71045795
3839.443460716
3796.86886716
4013.726145389
4000.992076502
4015.782021233
3713.313897997
3626.588641777
3828.10758834
3878.850012073
3907.429659505
3866.995802035
3961.31546618
3992.857195846
3879.40622401
3628.262478044
3434.675469538
3468.658920056
3337.597223117
3275.889427402
3414.641441981
3497.555287928
3494.510927363
3327.789776168
3328.611155309
3397.834120509
3357.330742971
3359.513941757
3336.617513766
3348.967247124
3448.140436961
3604.291379593
3660.378041735
3635.854996181
3687.144714059
3380.021126309
3325.130029354
3219.092844758
3269.175995406
3283.591322829
3264.070968534
3134.55203946
3224.800648341
3447.034047675
3309.44661399
3477.284285085
3309.09956762
3208.136543989
3263.069869881
3326.028540471
3237.299667129
3332.580893146
3311.849983869
3320.131410179