1.183873359
1.124782568
0.8178603404
0.8087670757
0.8671602595
0.7908298093
0.6766914928
0.7009181973
0.7464007118
0.7290171462
0.7381754573
0.8435465452
0.7786056755
0.7611176595
0.7007526394
0.6900742525
0.6307164151
0.6280828415
0.6341145617
0.6062331084
0.5620491681
0.5330319166
0.6928507248
0.7175534668
0.6957456777
0.8151473589
0.902467499
0.9413519288
0.8615006142
0.7883341719
0.8984439157
0.8707515158
0.8332277721
0.8664303566
0.9303483284
0.8310328831
0.8437453048
0.9381409114
1.193110568
1.079161351
1.172026375
1.236257729
1.107520564
1.007612135
0.9970943965
1.021066156
1.012984078
1.073870255
1.070323943
1.182776949
1.153294965
1.105992187
1.112027039
1.033180424
1.011543349
0.932531288
0.9992195876
0.955861095
0.8706813692
0.9177302022
0.950806321
0.9933527128
1.007636341
1.04217913
0.9942277249
1.004416125
1.046871519
1.058424556
1.223781453
1.157546975
0.9642786037
1.061156025
1.019195583
1.024171402
1.202127578
1.226874772
1.16945699
1.210581746
1.394950405
1.354047242
1.410487096
1.474257541
1.354360815
1.503665492
1.544707538
1.500323514
1.71218034
1.768815647
1.729354897
1.483158901
1.438511007
1.608364238
1.722978837
1.834371663
2.122260115
2.507140421
2.404067001
2.178488105
2.487778168
2.172882356
2.365129684
2.368087327
2.560219942
2.457767083
2.381701044
2.044038237
2.261254199
2.197856242
2.16790035
2.143256939
2.252204683
2.468084692
2.566187436
2.505743605
2.868403099
2.689856253
3.361749513
3.505268145
3.285674577
3.256715214
3.443675962
4.649528664
4.814046191
4.366804891
3.962066252
4.056820408
4.219168898
4.441248137
4.382456385
4.047632409
4.043735831
3.775145512
3.359141461
3.646459637
3.858960903
4.243926599
4.059763241
3.810274183
4.204080497
4.050464896
4.205342548
4.473790617
4.184226369
4.051697416
4.285319816
4.619141211
5.445464207
5.312950521
5.96623563
6.940110178
7.429772907
6.654229177
5.90563832
6.424356149
6.282880029
6.076565935
6.218619182
6.286223746
6.047092092
5.464233771
5.324996946
4.849877941
4.801157171
5.452409212
5.318327716
5.590577206
5.812841055
6.340311973
5.996352795
5.987223023
5.982521198
5.67817551
6.040250346
6.130912595
6.834440176
6.139463547
6.68571614
6.406901607
6.52191516
6.755231684
6.758558385
6.53048727
6.357347836
6.563706188
5.967020658
5.879201084
5.143065353
4.751879354
4.945357819
4.785113145
4.858778013
4.605618726
4.23633691
4.630214856
5.043352575
5.145758337
4.924754891
5.502905063
5.553206299
5.460959314
5.288887216
5.471872448
4.799036864
5.228049731
5.179263962
5.340136543
5.236623037
5.055265997
4.745644621
4.945517168
4.950574459
5.566802155
5.742656138
5.94197026
5.853096756
5.689457161
5.695863658
3.654150907
4.182523873
3.402827601
3.171282718
2.69660423
3.251753639
3.317432182
3.54418465
3.276181643
2.933566924
2.712249429
3.10535355
3.343435116
3.239353624
3.32309136
3.624569763
3.186979942
3.298682708
3.197008487
2.910610597
2.913889367
3.239030091
2.98506986
3.021103928
2.911989027
3.145803654
3.227316002
3.234557438
3.040751976
3.088398822
2.91692567
2.871949912
2.889848545
2.265390816
2.120783703
2.152083749
2.166286427
1.938533322
1.877209153
1.949216871
1.968571475
2.082768557
2.089734543
2.094042086
2.109535428
2.252254714
2.296382871
2.186806532
2.251851734
2.305780852
2.103538792
2.098485534
2.111989516
2.169680641
2.102170295
1.940051433
1.997371539
1.909485794
1.838982354
1.940838773
1.926285313
1.751313198
1.692158055
1.831596514
1.934315741
1.932298986
2.126877984
2.140524558
2.128810122
2.240104317
2.226886206
2.250427605
2.326459496
2.407660669
2.39294034
2.355861102
2.348041361
2.459396215
2.50398324
2.524534984
2.738112817
2.548124342
2.684778492
2.840573051
2.996386947
3.296434712
3.411146219
3.23928544
3.226782799
3.439726406
3.71353935
4.395249358
4.467089825
4.412823246
6.139505714
5.492712357
5.504823426
5.167150281
5.478235066
4.950151903
5.314849241
5.707543337
5.639550405
5.368247102
5.305027538
5.489534467
5.50168639
6.179327832
6.092990897
6.123642353
6.114122612
8.646942749
10.365184121
9.777801114
9.907439518
8.968649906
9.01402074
8.236702011
8.637406058
9.296780738
8.767409782
8.330635156
9.08639691
9.947822238
7.691288763
6.604265966
7.645125639
9.292360359
7.943531812
7.682365231
7.294410596
6.876320567
6.383703331
6.676914567
6.925046867
7.809324547
7.863064642
8.04799533
7.663613233
8.020373493
7.809205995
8.219212002
8.076423366
8.03080202
7.388854017
7.432986789
7.230898922
7.268418186
8.072185786
7.899990112
7.8948609
7.787778065
7.818739327
8.190924296
8.732529082
9.441376405
9.137052982
9.308636751
9.669305173
12.419023944
12.342948593
10.897722235
11.374304296
11.553082717
10.472299597
10.181606048
10.156896824
10.476172018
10.993650113
10.656640636
10.4012897
10.213784107
10.35860229
10.731098705
11.407872079
10.800395455
12.282967289
11.283764468
11.200010118
11.912817218
11.114207561
9.754086635
9.431602878
8.777542324
9.478081595
9.842303773
9.756552952
9.286434597
9.95609441
9.239854355
9.267159374
8.220876098
8.247549885
8.366713847
8.428663774
8.71709645
8.492421602
8.235921834
9.148647988
7.96443078
7.313289091
7.30021607
7.609277204
9.384916361
9.873805042
10.07045994
11.499703699
10.581562496
9.110274386
9.294415909
9.837962256
9.244821841
8.415058804
8.420322773
8.985282933
8.553332626
9.267656954
10.833611094
13.750746537
14.843810966
15.226116314
16.151342199
14.699180398
13.361156331
14.998093678
15.415893342
14.609275429
15.231516581
14.435640137
16.426755145
16.032932963
15.43984892
15.966921041
15.036343129
13.853209467
13.533951565
15.479842285
18.096208843
17.549370262
19.585521877
20.236761263
19.387383599
20.055964231
17.77279151
17.72168599
16.205634838
15.2525826
13.136859138
11.359403799
11.728028445
10.720688291
12.157786694
11.308088684
10.56164579
10.78535015
11.064755657
10.350207321
11.129860001
11.23462588
11.07226064
10.91625282
13.039856432
12.873704789
13.523972101
13.510720034
12.813516834
12.99147034
11.823466145
10.873280324
10.776792354
10.424773618
10.533930224
11.509137235
11.210169047
10.447065371
10.294061686
10.061785603
9.311180405
8.561711643
8.966106719
8.586661017
8.486606253
8.951658079
9.10932339
8.504452666
9.729168164
11.851831867
11.068750298
11.045285846
10.424099851
10.512440587
10.203821592
9.711210148
9.724354998
11.636044949
11.064688752
10.256943696
10.357353783
9.888314368
10.144399747
10.123621113
10.81795835
10.735602538
11.4132195
11.291208679
10.637902222
10.871447818
11.048249236
12.483549172
12.88662891
12.22766458
12.714281876
13.164775832
12.58624902
14.115259077
14.027535265
13.197747368
14.630861556
14.799834433
16.771152705
17.164398268
16.101811978
15.242622975
17.429073638
17.558975895
17.438564139
15.81359556
15.961519575
16.572485532
16.857092804
16.386823195
16.001361845
15.970330496
15.721403389
16.236580042
17.4053097
16.640822523
15.576071895
15.60127379
15.338360766
15.036085226
14.294157667
12.622807645
12.837149933
12.390727566
11.280450018
10.37444742
11.853737554
11.762901398
11.933328958
12.997136052
11.239525022
10.825235824
10.466018335
11.169518977
9.533678526
9.61347596
6.35738549
6.4291995
6.52202957
6.718515352
7.359980316
6.525626162
6.678739913
5.895338823
6.129593688
5.773849054
6.14191814
6.260142664
5.824683296
5.974106952
5.742703862
5.254139309
4.790382753
5.014805326
5.178481988
5.759712216
5.947665145
5.352912093
5.609055112
5.24996021
5.333133751
5.328493224
5.492538359
5.213547683
5.075049759
5.077097704
4.499541843
4.084401962
3.733439771
3.501180932
3.395079668
3.829989053
3.194802432
3.382533134
3.100286252
3.283074343
3.42654875
3.509012174
3.275853702
3.561130155
4.008833381
4.168509626
3.795857605
3.737099296
3.410190013
3.409568727
3.306946268
3.376249819
3.316061576
3.328544174
3.516331219
3.394177116
3.502958757
3.722723395
3.639080728
3.808548536
3.528895268
3.23227225
3.202409506
3.331667632
3.490455138
3.501784041
3.646460246
3.542178445
4.072932114
4.55011082
4.196656324
4.37608286
4.331625147
4.320356883
4.358971767
3.793670555
3.748098672
4.143939423
4.35834139
4.400853392
4.353006434
4.252031369
4.288708551
4.32130149
4.531819651
4.434237761
5.200514488
4.917394861
4.990456329
5.502632834
5.377573074
5.884396263
5.756363648
5.995365786
5.871363469
5.611833083
5.416201962
5.285612852
4.972543209
4.859485886
4.266225053
4.158308707
4.240985754
4.123748997
4.305017698
4.274494089
4.326270087
3.937075746
3.926940215
3.775012099
4.039244836
4.208563484
4.36454105
4.346046442
4.178111922
4.161298368
4.235733497
4.232523794
4.080188084
4.37747986
4.67909397
4.821451994
4.814890007
4.882402006
5.057086753
4.427542875
4.514321908
4.177721955
4.194881956
4.381466442
3.907766944
4.061725053
3.812383981
3.663436165
3.873769692
3.793582
3.704761506
3.646861691
3.669184365
3.624466332
3.58076285
3.581286831
3.561628703
3.553850547
3.484350068
3.547090511
3.625718974
3.693456652
3.618734216
3.544858758
3.495677831
3.516721407
3.236911439
3.17314551
3.15441454
3.045157322
3.010355539
2.925459377
3.001128389
3.064967113
2.971544804
2.822408497
2.866347994
2.888163459
2.918642215
2.979792581
2.915232218
3.009559169
3.061650902
2.968915778
3.025001062
3.076273704
3.103520094
3.106999163
3.02328185
2.899379362
3.0275167
3.300972351
3.323454525
3.10197177
3.045992478
2.62663006
2.014356081
2.322827957
2.135389095
1.997529359
1.956268313
1.963240776
1.980400649
1.92543852
1.830116087
1.786423398
1.749913811
1.571269503
1.564808336
1.621417874
1.684015999
1.643431925
1.64799137
1.607421877
1.615375408
1.591445329
1.610351872
1.730263679
1.739922603
1.765100241
1.676229735
1.734757251
1.720337436
1.786606767
1.694029088
1.705636727
1.700737342
1.706523839
1.638590887
1.629515461
1.708294418
1.662684744
1.587141551
1.366875266
1.397295465
1.370697056
1.257478499
1.345721904
1.304528868
1.322224542
1.345585122
1.341769805
1.337947321
1.363106791
1.360384877
1.317548378
1.299383492
1.274614516
1.262824068
1.275305899
1.312503605
1.335552248
1.551886102
1.526508888
1.593485073
1.56791283
1.635556781
1.643765731
1.64449515
1.822762168
1.837203331
1.94943296
2.261921892
2.238517722
2.192627921
2.15359113
1.979701206
2.095928988
2.387685237
2.327540713
2.405945538
2.553262464
2.349477282
2.555177878
2.517191686
2.558008609
2.467316063
2.573978263
2.300611477
2.334797819
2.422654542
2.447359587
2.506391369
2.50272697
2.394286275
2.307968264
2.49109933
2.65622105
2.259208473
2.249594893
2.286136757
2.229688444
2.188751543
2.247006596
2.515733961
2.321511226
2.463037459
2.581481296
2.571256288
2.688879663
2.558846935
2.503202049
2.471250168
2.313276838
2.288484733
2.370961489
2.346791737
2.228547857
2.318549543
2.257271137
2.100330564
2.050222146
2.034021439
2.055905614
2.002753997
1.840257671
1.791470501
1.802951136
1.796978955
1.951205993
2.034992316
2.123454983
1.930449694
1.979657135
2.168506534
2.09088089
2.16026414
2.007321226
2.083313398
1.96582817
2.057252442
1.975756113
1.937380442
1.962629177
1.850195076
1.888593669
2.004669009
1.92837985
1.995236533
1.989130945
1.922494971
1.949595115
1.996351536
2.029569845
1.98800339
2.019273809
1.970873573
2.011248825
2.063027041
2.054400248
2.230844745
2.203936146
2.222133337
2.318857923
2.325712694
2.291455557
2.343807109
2.150157042
2.04672357
1.92595721
1.951606869
1.917058441
1.884934996
1.967987113
1.889379338
1.925013027
1.917897408
1.936054719
1.940858654
1.83899064
1.837024167
1.902785729
1.841970258
1.867743979
1.772501454
1.74863534
1.64395239
1.622539928
1.663858775
1.598600559
1.649926293
1.659518603
1.654650999
1.661262119
1.656799911
1.700080529
1.656447884
1.666366113
1.671140007
1.611332738
1.612042817
1.650759655
1.573826213
1.562307554
1.579621126
1.636450903
1.669302309
1.629078299
1.608965833
1.573628968
1.547118796
1.618340306
1.616385519
1.620923538
1.50280787
1.533275368
1.417843574
1.414052848
1.387753271
1.204537007
1.206346077
1.198849799
1.197304052
1.173566911
1.193292239
1.213845995
1.256588573
1.238284385
1.236813135
1.295747427
1.33911474
1.3256103
1.378385017
1.413938289
1.399657763
1.485543988
1.479006083
1.363277838
1.350431753
1.383642103
1.479919734
1.464954247
1.453105887
1.399080179
1.352059416
1.317395761
1.330119995
1.384289859
1.325857216
1.328407302
1.329281295
1.331745481
1.465808348
1.501629039
1.490002107
1.445153871
1.496180702
1.467319369
1.466630692
1.524327069
1.479850326
1.436961106
1.456557272
1.381138104
1.34794517
1.36530631
1.378262022
1.391415605
1.406612837
1.395658436
1.36947967
1.409967649
1.397651809
1.360336583
1.339761184
1.352415849
1.335206763
1.336313146
1.360071749
1.349252238
1.334692232
1.33254433
1.341806618
1.3424488
1.334398254
1.280428455
1.21060362
1.11588936
1.14197139
1.164948887
1.167836978
1.131992188
1.165870814
1.210108339
1.194469302
1.189370495
1.191864302
1.177056704
1.194335508
1.225061352
1.203887523
1.154025825
1.128487903
1.120329712
1.126694748
1.126528181
1.127638719
1.129798433
1.152266631
1.15155109
1.165192064
1.151722634
1.100674461
1.070616598
1.09042148
1.106665536
1.129341327
1.129244629
1.095694286
1.098358335
1.121545252
1.120944921
1.124594832
1.12129875
1.115304386
1.093811582
1.101118486
1.078907766
1.075674136
1.106847036
1.1216728
1.133097826
1.160501735
1.116208689
1.098753254
1.09864433
1.072934299
1.093393379
1.091138653
1.094038927
1.040663694
1.043700377
1.027153335
1.010570008
1.008156186
1.010735472
1.025060421
1.034430226
1.008360096
0.9994736039
0.9867185022
1.004981923
1.040365804
1.054989031
1.097582984
1.136045082
1.141508681
1.191000568
1.222022895
1.218173941
1.268547414
1.323318794
1.334556669
1.527831029
1.521314433
1.47681396
1.512951427
1.636601792
1.582309287
1.446900989
1.47782896
1.436641659
1.5537884
1.601037077
1.697544612
1.59309093
1.538494073
1.703747158
1.721274459
1.864020544
1.770113311
1.982361951
1.994508817
1.768291175
1.825367771
1.806416575
1.836434799
1.886216118
1.829039659
1.78401215
1.817542026
1.795867837
1.883043813
1.892764307
2.011468
1.981958005
2.140447202
2.252260898
2.288614926
2.26896738
2.385526893
2.425117699
2.517936431
2.234419354
2.300521615
2.32456352
2.322482799
2.188881803
2.368132545
2.269873932
2.283900956
2.435384442
2.842194073
3.518222963
3.363071014
3.893948966
3.807186523
4.252703837
4.301049224
4.089891178
3.770480102
3.617211612
3.67408648
3.65425834
3.803028617
3.930075578
3.766012711
3.914524626
3.532050719
3.471757619
3.198391109
3.402967483
3.209953029
3.580465231
3.619218437
3.454010894
3.405224977
3.316247109
3.304964128
3.23593927
3.293226977
3.072638621
2.999632694
2.950845415
2.920117478
2.64396368
2.648284466
2.679919162
2.698132026
2.921703336
2.908709629
2.881287859
3.007187104
3.007894582
2.820829414
2.851925378
2.900951038
2.814348769
2.755319135
2.746755598
2.734909146
2.863653592
2.927361983
2.993908362
3.046725195
3.119912607
3.394353596
3.218122355
3.333412685
3.386965078
3.284490614
3.332188278
3.512651471
3.536658499
3.403449776
3.239037262
3.250406898
3.366054054
3.855266358
3.70951215
4.094397328
3.965721392
3.883405898
3.868655877
3.95388981
4.451860096
4.423522045
4.346338841
4.273295434
5.846393965
5.528385204
5.747672532
6.221925541
5.958380374
6.664863848
7.981477608
7.760534361
8.815939885
7.496166194
6.720908764
8.1701185
7.014727714
6.362292133
6.889909322
6.459194785
6.455836406
6.643301763
6.963385814
7.457378921
7.666950967
7.262033293
7.195891177
6.974549807
6.945163584
7.279970935
6.766535274
6.223525631
6.623158689
6.725059489
7.225045832
7.021177438
6.914666014
7.356203796
7.207719015
6.980439935
6.812157467
5.795806435
5.251545409
5.702620437
5.222476871
5.497212035
5.425328645
5.703475181
5.601417873
6.213206922
6.437668973
7.027679623
6.8949587
6.881542757
7.148872113
6.919639662
7.172017241
7.051717657
6.86766509
6.18118528
6.155353618
6.090916765
6.875174403
6.877598441
7.488788481
7.310010309
7.131611502
6.829579325
7.468631164
7.27238819
7.013119713
6.887879196
7.270537655
7.021420517
8.043095886
8.015337292
8.043907007
7.920930782
7.788646224
8.275441669
7.816651182
7.973094371
7.686948429
7.905798662
8.202869336
7.802987213
7.812369794
7.706331725
7.56803943
7.285282781
7.25350216
7.369172595
7.187356898
7.118196269
7.425486427
7.660888962
7.340025055
6.88093862
6.570917547
6.593388527
6.392628371
6.06599344
6.394021117
5.91062818
5.579389909
5.600614472
5.64000655
5.159026462
4.73008398
4.953841351
5.157588909
5.407153973
5.172866305
5.182797607
5.382406447
5.416039134
5.169087677
5.209596875
4.957402611
4.950670916
5.30228033
5.257388712
5.508653356
5.03411544
4.635634041
4.415373779
4.814942256
4.400622751
4.475334283
4.527306835
4.624995806
4.929987002
5.180915584
5.206457149
5.405256781
5.924429136
6.249073311
6.070336512
6.033814398
6.434409735
6.291401898
6.328218736
6.04052885
5.769445022
5.605510026
5.419281004
5.728954189
5.684497064
5.445970378
5.271461068
5.151616508
4.996300472
4.979405717
4.597138611
4.368394406
4.128519486
3.526233311
3.666156908
3.570968666
4.069344688
4.053700387
4.168776066
3.864208611
4.114146789
4.314835584
4.166011165
4.026400953
3.968211133
3.986253801
3.902990598
4.001426348
4.0033519
4.239100262
4.30073529
4.830584441
5.047905382
4.914565543
4.77889412
4.527632761
4.346001861
4.212247046
4.119669726
4.036174295
3.85309748
3.989393918
3.719782675
3.885096059
3.704093484
3.545500923
3.660240131
3.74854792
4.019201016
4.042487573
3.973362815
4.252546445
4.291263808
4.194066666
4.024748036
3.879141505
4.130453614
4.236871346
4.369223605
4.380289627
4.667764221
4.521582144
5.168537683
5.353332927
5.145816676
5.553422987
5.461138322
5.571134475
5.490225148
5.280736352
4.840727991
4.630983658
4.627796843
4.824112855
4.780997201
4.954682775
5.052279507
4.892868411
4.607016971
4.586354106
4.729267778
4.844774393
4.685151885
5.021621142
5.05730072
4.949966244
4.765788758
4.891501715
4.831107103
4.964117318
4.782806797
4.678529001
4.654770798
4.713072593
4.141362757
4.231548347
4.302386261
4.301525315
4.428234973
4.31956655
4.051845398
3.927881576
3.804381064
3.69449765
3.617267144
3.809089282
4.231828896
4.232680662
4.338857201
4.641237453
4.717566146
5.553880672
5.400547743
5.168451313
5.416172257
5.570542366
5.964793997
5.700626388
6.026332357
5.785850765
5.500540869
5.791355546
6.163688755
6.189164004
6.916918945
6.457204751
6.548526122
6.83410973
7.056204389
6.984651408
7.012871949
6.927567275
7.418142288
7.377449823
7.468331046
7.663688779
8.024071531
7.764209359
7.879074943
6.530404371
6.426109056
6.839347144
6.899153007
6.882060849
6.680542545
6.883218698
6.626505827
6.372814834
5.705664515
5.232871215
5.34610982
5.006909869
5.028517246
5.426203787
5.557249337
5.440135056
5.084140149
5.105946967
5.323719544
5.131358574
5.031031639
4.905765521
5.275638438
5.430404952
5.793263414
5.796286792
5.910348047
6.000768384
5.381633858
5.157121665
4.980085899
5.086026949
5.084483044
4.968158396
4.75353965
5.044151708
5.319546554
5.161675954
5.756963092
5.456499677
4.976661349
5.078731724
5.251906996
5.086978683
4.98767779
4.990083772
4.940479474