22788
18138
3525
3775
1490
1533
2430
17994
2361
2188
24002
10382
6183
6455
7994
6684
5918
5525
5510
5454
5575
5239
6192
6144
7348
7565
9748
12344
8249
8049
14700
20507
14901
14994
13867
17443
9428
9229
15886
18216
17198
17389
16022
15382
15016
15872
15244
17681
17930
17920
16283
17177
10124
10694
11126
31444
35446
16001
15788
12349
15752
17726
17684
16188
15099
12846
8862
8181
9538
8477
8174
7358
7030
7431
7458
8284
6735
7139
5582
5203
7478
7733
7460
7953
8515
7761
11158
9678
10174
8275
8209
9234
13402
33755
31781
20280
12006
11984
10605
11127
10250
9406
7929
9597
8020
9782
8765
8714
6104
7952
8496
7488
7673
8973
9274
8715
10457
9881
8737
9832
7380
9855
11113
9936
7961
9499
10379
11041
9498
10045
9702
10469
9190
6054
5493
6563
5976
7040
7383
13439
19693
19131
18274
12213
9826
7676
10994
15182
13898
13707
13726
10240
15027
19281
14880
16398
21369
21666
14949
16971
13928
14785
11866
12093
9608
10703
12744
12194
11926
11291
11915
9797
10145
11838
15205
18443
16301
31252
22949
25592
50526
63199
64587
46554
33538
33203
22788
32777
34319
44806
47034
56221
38460
46618
76490
99782
99760
70962
56581
55089
52495
60205
60425
60710
69134
74242
63665
64424
51176
71306
70176
68780
75411
168433
66537
94034
152029
192647
133217
119455
138056
95986
104736
109510
126372
126717
115527
128288
120702
130451
126150
130981
134986
139523
175510
143728
143440
146348
158187
155296
157852
148495
140366
144431
146089
156320
159312
167427
172648
172962
183567
154412
154328
153831
147360
148503
141557
152410
153880
158145
159102
164431
162029
160237
166902
171524
166650
161976
167192
168167
160671
166359
176728
188704
175180
174320
191696
191921
193235
193839
192071
232637
235141
237324
230740
257252
264564
270477
254929
243217
244247
247632
239259
225907
166389
218719
219528
237911
245057
245282
276862
289874
295928
287086
268121
247727
263920
274031
311849
301373
267289
288483
293992
283670
245970
244942
243374
276259
299656
272423
272654
264403
311386
299643
322933
312824
305433
284921
301724
332346
314459
288447
285146
280544
283218
332276
351993
326217
288467
279593
273611
298554
273343
261744
281992
273981
285852
289586
298189
284136
256503
254048
260475
279429
300121
311464
334701
300610
285306
230452
209156
183953
206523
197252
200185
218986
206310
231578
172163
204474
220703
244693
232284
238057
248771
344412
355704
332194
295114
263403
261040
249065
260415
266568
289302
273974
270284
280221
378458
261135
277080
277668
319274
344683
273598
268118
272605
282476
292886
250337
343150
299195
294686
292293
317649
313602
309742
282413
276823
236753
236082
260894
293333
263984
226394
292020
322332
282906
305687
316366
372139
347505
325317
334701
333860
342129
365150
340350
358561
356846
264576
304509
317930
357619
407398
448177
589672
478195
552557
481698
417322
417977
395011
362775
343471
415483
550329
594259
677735
643360
582477
629779
607621
685493
721061
670458
633157
918492
1156227
1772218
1558020
1330254
828014
701750
561436
519085
484821
767841
780171
609845
673679
525023
546774
526947
558348
511487
617406
727813
737458
851932
763633
402167
429683
462987
391791
371440
322602
297733
299010
298683
339974
385503
481877
454600
444264
346719
370869
400355
329535
293044
295299
382349
302179
346880
329005
329002
334498
296022
283845
310781
304437
325283
442160
385070
470460
627042
843560
881687
1050405
991297
1030811
653995
1084601
850004
307465
337115
345193
303902
290967
304013
479520
545086
542481
392711
684433
1021965
495857
579847
470470
544361
547020
834714
635961
624099
812677
871714
799244
767281
620525
529044
600953
600324
703819
695972
731944
841955
628816
730173
964866
991412
877402
892187
919092
936244
1036058
1148264
978293
1166901
1127225
1218501
753618
1006384
1388984
1528288
1170079
966404
780850
589263
593541
604594
658198
696196
565362
552035
508212
489015
598035
598075
620450
685143
723912
662147
682251
731056
731454
742722
708534
644279
582627
629246
684674
707525
824158
722755
593305
426613
441558
535582
415365
487663
371069
347620
400261
359610
376308
384457
373395
383615
417424
376446
340709
321831
356622
378487
364380
335480
310110
307815
363374
322377
318283
320441
317268
343799
301745
369793
338278
374175
343592
331033
375799
356373
460275
448958
447393
386221
327688
297969
279312
339986
344683
377169
382198
323552
262413
225603
323383
306019
310339
313113
407463
330819
311155
408220
355368
402350
356802
324981
315811
283610
335710
310346
333954
335397
386957
1996616
1564487
323911
357348
301580
385883
294650
312416
274725
321049
336227
334679
313096
308434
276869
277183
325894
331741
327433
342044
357561
375403
370979
466261
959686
954542
909859
808039
749799
725201
720639
700700
711882
662284
655533
587909
608352
600663
585222
559950
613682
607333
501053
499747
516027
535240
527196
515260
524432
479616
576590
515925
519798
490806
544513
507470
471535
439861
459674
481648
454904
441113
455795
464340
486109
522863
516345
524793
571779
536848
536255
529277
557223
550783
554598
601374
577808
531382
495992
544143
592960
851932
668505
500379
522567
486564
506681
485273
457571
451858
440948
420749
524287
541573
421658
410652
404100
384135
358001
356083
421482
407842
544954
356535
368123
328603
339064
365247
388766
373102
378443
356575
341364
330831
439660
426766
400057
373335
454757
337729
316004
376837
333566
332708
427554
339608
291793
287193
323983
321381
329387
334596
309928
312305
254739
281962
308394
342492
346801
310265
269245
297702
352226
500047
533448
635465
586433
532411
399620
465781
423872
527330
420532
512545
391512
393257
464976
466416
459692
440274
447237
393492
403158
435020
415454
421437
433211
433161
412169
397081
390944
407961
475255
437638
390851
358336
366624
445362
425732
412341
436780
405713
405945
365442
417146
398263
387982
400508
368418
336716
320215
360187
361178
357531
354398
365836
307098
315497
403798
335013
327822
369063
368576
466258
357461
400689
422514
400121
398384
359409
358876
319684
359865
351307
345721
484850
339246
305565
288300
328773
403735
336970
332378
325258
314241
321608
395095
650376
469312
499339
383056
343224
344762
372493
512503
437375
379406
389443
349803
321133
352739
526263
386992
343953
418889
325357
296321
345977
369458
331024
527720
306771
278387
275423
287716
332374
341176
304427
312967
301017
281225
342845
462306
373748
334564
315163
282868
308572
329018
327351
313703
311561
332110
283148
269092
285740
299658
325534
323116
493691
349166
309331
354925
395633
468620
336507
315128
325965
292442
334554
349268
402833
324175
535238
451380
376266
484695
446649
351604
335958
289120
275033
274014
314353
291313
322431
309465
439653
301094
265489
318743
275501
300007
330866
356334
536579
405818
420425
381143
358867
362580
343012
341409
349698
572322
396705
464018
385713
386329
305201
309298
493297
464015
376922
359868
335810
487063
381674
358393
534307
433347
382819
432907
357628
328953
405494
539389
614021
399966
403863
340564
351841
431798
401807
395033
359716
452255
338381
368720
379571
397743
407674
478896
607763
632479
567909
489912
480111
564169
808675
1122805
899627
1297485
1082961
661852
522045
617504
885411
881590
932053
1201794
3165387
1121299
1321646
1895486
1490939
1266527
1512117
1362177
1400146
1526807
1182634
1150215
1357725
1343277
1295868
1350598
1196733
1438453
1247741
1283375
1384928
1422882
1345446
1380964
1381721
1266046
1415751
1482982
1311399
1420606
1270143
1423367
1335454
1320064
1394786
1310114
1320704
1305828
1301479
1160090
1340270
1319681
1490044
1554701
1105938
1728431
1476119
1408335
1373485
1419590
1581262
1568629
1682458
1635211
1564049
1522418
1425196
1725048
1606482
1646653
1714487
1515963
1550965
1605735
1526166
1782612
1480232
1464186
1527104
1777078
1594581
1728573
1705628
1666742
1642158
1633186
1804680
1924464
1761539
1769566
1771718
1784949
1809823
1699788
1848274
9909674
13192204
13935402
9330324
1157379
2537037
3720142
2072671
2054515
2072269
2140011
1973781
1904257
1931724
1885462
2290565
2109157
2589319
2511759
3117693
3917002
3915329
5016430
4501182
3926274
3620444
3169554
3748468
3884218
3867362
12362104
3504096
2791677
3991530
3461942
3311500
3044868
2448523
3306517
3960548
3520578
3494159
2338601
3207329
4276435
5468885
2702882
2465494
2524553
2332198
2550950
2275671
2086218
1179552
3245409
2159486
3092417
2837110
2567190
2172050
2199064
2129764
2258549
2496143
2907266
3443311
3139484
3353844
3905747
4108484
4046337
2796744
3508956
4052032
3919486
4958497
4585065
4579903
4461491
4495295
4767653
4958331
5424142
5408212
5236821
5164224
5097087
5490421
5344078
5432468
5568071
5328681
5869789
5858817
5948050
6354379
6127282
6156142
6236614
6056097
5861248
5479310
5731952
5427556
3217945
3868832
4082363
4247787
3738766
4060943
4304693
3726153
3116445
3540132
4666892
5937362
5603585
7217568
6882129
6448099
7368904
7697134
8728950
8799435
8791099
9037511
9723140
10924614
10181685
8404103
4503385
6033795
6453190
6494888
7157451
6350078
8152058
8144059
8033482
7915194
7931203
7822366
7214736
6491753
6807719
7712253
8292427
7357885
7304697
6226688
7586636
6966573
6273206
7330198
7579775
7328251
6965159
6641377
6895356
6867749
7050683
6679261
6769606
6515523
6711284
6299945
7147928
7029161
7102325
6300507
7190774
6650501
7189585
7479299
7416574
7283154
7193356
8560014
8801040
9053175
9136659
8948699
9069363
9036744
8930784
9275565
9169775
7498501
7522198
7597097
8471544
7987908
8220044
8144182
7614065
7401630
7314076
6947157
7192963
7023231
6069929
6495456
6840617
6671984
7375831
7785550
7717803
8103846
8662193
8735468
8962606
9743206
8983856
9993101
9843241
9426607
8913044
9139812
9213621
9068585
7340711
6908209
7424897
7553278
7087743
7131078
5450433
5989528
6503008
6934120
7046888
7053788
6994941
5951976
5915230
6531297
7014508
6970507
7552219
7177594
5617346
5427060
6259737
7121440
6602317
5958020
5829754
6117480
6191858
6234134
6539181
6353610
6189957
5740615
5737764
5608974
5383794
6670266
6084105
6567784
6194079
6312415
6354910
5451047
6460435
7232295
6633502
6989870
7239038
5661340
5238433
7253012
6929381
7449956
6920986
7096334
6862552
6950986
7334734
7459681
7883792
7642019
7705367
7055739
6391000
6943725
6780596
7047871
7344089
6766855
7135469
7320874
7458284
7222501
7334106
7310388
7717285
7348035
7231611
7445584
7321095
8384319
6992854
6971454
6560642
6298699
6306720
6713253
6738269
7082908
7360019
7351217
7485995
7612635
7819183
7801827
7295925
7415956
6113720
5961917
6507441
7218936
6657469
7566933
7035360
7014195
7280112
6953813
6866419
6645465
6835836
6639498
6588279
6622438
6893137
6897278
6889663
6886809
7065621
6684724
7158661
7171039
8087923
7832566
7725111
7874763
7397470
7188446
7398522
7510339
7064151
6940126
6408259
6891651
7350855
7204727
7020806
7259856
7281612
6882557
6703046
6494932
6750164
7215297
6981523
7579662
8062046
6235487
7218251
7635888
7762478
7727761
7752640
7828013
6483874
9375410
9385041
8961229
7462617
8756278
9328126
9155316
8687815
8088889
8392884
8475426
7730152
6399689
8338833
8392082
7968004
7655249
7987592
8074488
7781277
8340345
7982633
7630627
7826738
7858227
7634851
6609596
6398910
6324006
6622154
6311762
6459695
6246800
6301014
6331920
6463502
6055283
6245690
6286677
5969186
6308989
6247788
7760650
8889594
9225695
9341030
9430009
9055018
6434610