2385435
6841171
4701945
5031121
5732755
5985211
4962487
3203636
2552208
2625297
2010027
1653822
1857709
4707652
8096212
8934105
7365161
6377361
6506620
8522967
8897559
9184778
7849156
8758299
6627217
5746730
6785833
6091866
7379727
8720191
9303723
9898655
8361468
8370169
8212673
8186935
7709074
8393252
8034062
8503871
8729317
9104336
9598750
8231680
8387180
8729234
9954635
9408289
10260706
8612815
10881652
9426047
7438183
7591793
9668159
10430750
10915786
11106720
7750520
8341352
3318033
6238339
13785484
16057895
15434345
16483961
15017508
15091328
14982559
16115195
17546077
19213876
15839650
11857201
13732758
20665937
21553789
22279568
23581317
22545840
22785849
23433466
23817404
24356555
23201314
23580344
23106009
24367427
25719162
30762619
32887482
35309663
35784983
31687514
29160962
29636330
35179129
33347086
25612172
36255920
5516439
14019184
33671834
33802678
33938925
34577701
34629754
33816674
32384212
32642890
34045049
34868816
30736083
31117616
33493587
27165623
29792267
31282631
33302009
33467976
36615795
39947155
38506941
35255284
33530154
37669618
41081130
40389700
37732055
39819475
39416607
40030823
35375253
33280760
36920640
48223674
56358763
50706181
29655225
20434084
39348934
46810063
38406474
42392156
39614275
38520826
33201437
25400694
27487976
18968757
26246399
26350749
28779904
30640011
27499786
20284505
19740649
17812841
17909566
19118445
18132843
11779669
9566491
11438729
11684844
12076096
17384715
17371997
16470807
19203975
17401908
16119518
15252922
14963478
14208603
14900240
13458546
11643434
12759151
15778570
15452093
16662256
18110818
16197244
15735416
15789509
14969877
14836611
15154940
16036264
15280428
15603918
14904472
16835787
15833440
16777733
18646032
21355062
20884357
17658757
17945253
18555482
16146131
16038641
15227134
15775835
15998949
17939933
17547219
19641624
17769593
17027476
16467104
16075745
15569485
16430521
14933940
15838042
16712052
14084609
14488340
14265180
15445630
15330550
18868166
17604209
19463421
31370087
33918873
32104352
16870573
15846033
13963163
16966553
15844607
12243401
14149007
14568704
13580813
12722343
13491055
11905115
9120476
9827159
11237668
10150269
9584589
9030617
9340651
8554126
8696143
8734236
8594902
9560074
10333713
9401550
9945122
11947419
12405298
11424254
10492058
11414369
11277083
10807210
10401236
10616833
11243470
10475925
9949749
9524509
9618726
10210149
10422359
10636031
11209472
10596567
9977879
10029675
10382110
10183846
10766982
10937498
10690238
9957500
10028948
10746336
11363145
11450705
11847927
11824949
11627910
11092070
12645035
12081846
12957588
12850742
15158355
15110954
15444122
16003556
17043638
16676094
15823583
16396382
17000850
16662587
16541826
17727793
18005351
17645724
17487916
16292254
14688237
17303893
16499913
16728878
16444327
20054843
20903450
23026716
20882986
21447535
20442104
19758890
18407648
18940186
17718403
19950385
19947026
20891573
19319500
23548695
23374887
23951509
23002315
24071037
24684931
25442257
25472002
25061482
24529463
26519644
13176995
18961126
28756806
27722645
24655747
25285532
29332516
30602346
31213881
34118692
37154831
32437127
34151048
35511062
34464988
35842045
35268885
33100037
32526185
33473543
34940682
32830776
33071056
31675361
33546698
31441536
30653815
37033357
40091547
42399320
42891028
44225798
40858991
40773947
43715668
43501124
42364386
37982552
38320762
33558475
36521946
40543972
44890057
41638769
45546269
50841073
47378776
48297244
48814953
49198162
49947429
50962168
51399934
46401073
46284579
49629511
50167573
47084357
51844968
50456996
52164663
52375479
56811454
52457792
54290310
51098525
54052617
51225904
50439785
52558648
44431024
50289209
52478076
46379132
51049035
50510302
49602485
48623879
46992626
44120890
47824479
29662521
39998520
43893905
42709689
45394501
41231273
42667903
38411374
35988692
27209124
38827567
51300243
52464136
47382425
48204725
47645912
43054852
50678544
53327863
56258083
56976929
55821996
54518091
52294792
47402145
42942180
51322878
49558097
50127697
49567299
39036270
47634088
44540691
36482246
17830300
32234206
40361747
39019403
47760907
47132359
48057868
46283178
45683233
44657648
40665301
40609294
39290677
34251277
12295818
10340765
43177144
43707171
50714643
49024722
47746191
48319555
45516376
46275303
47352661
45313407
40949008
47453849
47952003
46150174
46964770
48953172
47169797
46512037
44751507
44768937
41181782
41284085
45625503
42135056
46042488
44160794
43397473
36027769
29633963
35677292
38052803
39512358
29325620
36074914
41373200
39724800
36989466
39968125
38986451
42102887
40367975
39403935
39925820
38146881
41340748
37280858
27330619
32886419
37417980
34754647
38025198
36345990
35233030
35243426
32794092
28477430
28015803
27995782
28545060
30933354
24197158
25869282
27195244
20087573
25053567
27296938
26032917
25379896
18183317
16216375
12897841
14011368
19875393
12161633
11794833
10131300
6505382
11629096
12951926
12080366
16531395
20738629
21945128
18134916
14175753
11330048
17063057
17844813
19224114
19274476
19200394
15157177
13541473
12386082
16497370
16875064
10128145
8260624
10139488
17714042
22381572
25202080
23490538
19875751
22814437
21503038
17386354
13523288
11396344
9009165
9814579
15544906
16187983
15174550
11124060
15009212
16379365
15876838
22315109
22234355
20965282
19788869
15535955
17807833
17046049
18758462
18108824
20013444
23864497
22532106
27126795
28254929
29976722
23971465
22053803
27344230
27244239
23395633
28684853
27474507
23868011
18586638
19886188
23727955
29677292
33551455
30803551
33332887
33018867
37167276
37983947
36053912
34232070
33185194
33099537
36159523
35638403
35970342
36319008
34546559
31872938
25178457
34463882
34777239
34450061
33252834
33804609
38569382
33046829
37106553
41504027
39891170
40396124
35417459
37514728
36175868
31889915
33951144
35388895
37861224
39350747
38413623
37344878
35051426
41071210
40150535
35698501
38177094
37218278
37350644
37309177
38517819
38663982
36715536
38719500
37773321
35811532
41024738
39997548
32824668
36259113
37224790
29862657
32472659
32603577
35138641
35467744
34800979
33824951
31468396
31192997
37573606
36692051
37097773
37289268
32069614
32287077
29260016
34211889
33470418
35750286
32881953
32129998
29525907
34995167
36135859
37953370
33035325
35192586
35421088
32787700
34689939
37883206
36338874
34514041
28976377
33612122
32954903
32885457
33734721
33770947
29375112
33021218
31908253
29840163
28797600
34564707
32654724
29107469
29659564
27367178
17601575
28447108
31051081
34093292
30051474
31076167
32260884
28664888
32567351
35404134
31030060
27265001
26356940
24451239
19775905
20535145
22064564
23341283
23637217
26769708
23528057
19214265
21108511
24922442
24994924
25399262
26784170
25941152
20457368
23382025
26127215
26207233
24596895
25088689
25883568
23453443
23834685
26803261
22447401
14518052
17310510
20529766
18511126
17118262
18102112
18941950
18231055
18862344
18736818
17145309
16353480
19400302
20728189
20465108
19774326
19457097
18105711
17620578
20481617
19201114
19622329
19724960
19330037
16653295
15819319
18033460
17490646
18761966
18171220
18209713
16253830
16629380
18799794
19591982
19475980
21893124
20035039
18205674
17384978
20043456
20279867
20352092
19724631
19852547
18605531
18791705
19167059
19850177
20116480
20022566
20894853
18948058
18430690
20351954
22298628
19849496
17739933
17772895
16950813
16412207
17505621
16997315
16899173
16982557
18376963
16051209
15421977
16491356
17056186
17185512
17346908
18812526
16390493
16208111
17369522
18953637
19261324
17430954
18298395
17347537
16699865
18594118
18003954
16594524
16917262
20172195
18129936
16491490
18887963
16857415
19400195
19389157
19142714
16179596
17648517
18312909
18215863
18409465
19321384
17844370
17174267
17022025
18879881
18314141
18804843
17642861
18331404
3935361
14987594
20669792
21110914
21015787
21251915
20923292
19199410
18955907
20534697
20670861
22078464
21223083
22304627
16847396
18223054
20455658
19977524
20710593
21905505
21165265
19994583
20261307
22256731
25648538
25262445
26858496
27844865
27835632
25576755
28776262
27960790
28037090
28163745
29601337
27225323
27141739
29521572
27230016
27957393
26310953
25640291
26432075
26273131
25721793
26240334
27557513
28806212
28215630
25411487
26515139
29500892
28038892
25042051
25904527
24339049
23337033
24131602
25247281
23844314
24715848
25416125
25887835
23517602
24806058
24956570
24955035
25862387
25513773
26299683
24299728
23234004
24258056
26055628
25552029
25977440
26050583
23072137
24979391
26909361
23897523
23155161
22967487
21424779
19661411
19464886
19868143
21000130
22232203
20793453
20644306
19813247
19030092
19571406
21651375
24063319
24647334
20941274
21515576
21218149
24195610
21872577
23408593
23137522
23014262
20828919
24027178
26329042
22645994
23623310
24779689
24730398
24258819
23522880
24457322
25310332
25880452
25504712
25246017
23626864
23462687
25099130
22737011
21541559
19580029
20972894
19166508
20239826
21358039
19571675
18023715
18664062
17642968
15505170
15764934
17044123
16445903
16062640
18202960
18367274
16311749
16299043
18393368
19218545
19196990
19963894
19428794
17419019
17664901
19141128
18722213
18790692
16378754
15903882
15001064
14622054
16300226
16922650
16636262
16332441
16012086
15251626
15270293
16853740
16347189
16494740
15756285
16044231
13903087
14107609
15430062
15209756
16892612
16295015
16622213
14607348
14770320
15630090
16521431
17035430
15727833
15339923
13662001
14194305
15317154
16203502
15635459
16303275
15732823
14522694
14575932
15602240
16262810
16383716
16010591
15800996
14926564
15219765
16946510
16773488
18552175
15789107
15794734
13821131
15135260
16205418
15854390
16841442
15837135
14511512
12749575
13545925
15112377
15060741
15165648
14630605
15051513
14104949
14603875
16213763
15768537
16618740
15859422
15733605
14953356
15243193
18025596
18152356
19488022
17167798
16829098
15818141
16200874
18289768
17872146
17641707
18106962
17846604
16815153
16700447
19910013
19053825
17542595
17081396
17092241
15605792
15767324
17966822
17732767
18898894
19444490
19329521
17616425
17579430
18665657
18955175
19567571
19905461
20061035
19163548
18609108
19863630
18802657
19572122
20450958
20204430
18752568
17744480
19982695
20599794
22193517
21038929
20747322
19183473
19210402
21011902
19750797
20892199
20101270
20012546
18646651
18755450
20481927
22013199
22561810
21578900
23086642
22437801
22358304
22909507
24071266
23444832
25674040
25717007
25390816
24538801
22892925
25781688
25827700
24678702
26687144
23741016
24060266
23493619
22982721
23969615
24636214
24477850
24548666
23628747
23135372
24867048
25083738
25264408
24757389
23952632
24383064
24246888
23610197
22755074
22964015
21220825
22714323
20796677
22752700
22696083
22504049
22228871
23788740
22790369
23470089
23342873
24258222
27721821
27293038
26296945
26451725
25069028
25494452
26269149
25778970
24814920
28536121
32610550
26994414
30802840
22116925
29989146
31101045
29732139
29415513
28895219
28199516
29087472
30645519
29553946
30852439
28899952
28754837
30050755
31662726
32215289
32360394
31737831
31216153
28068754
33654181
30560016
29380203
28460822
27886687
28292875
26173599
23863058
20994509
22695478
24047593
25772678
25370101
25037431
24140048
24742028
23594206
23977318
24622404
23278049
23694394
26427080
23314353
24551680
24851942
26739897
25860026
26408613
28029912
27633363
27803832
29052770
27938618
24930817
23308230
22779758
23534603
22489263
20052508
21230708
25584328
27498781
29252760
36343464
37179076
39343101
37631054
30252515
29758340
30392063
26211611
21860729
20105419
18375825
20453832
22759595
21600940
23500653
31077071
31748342
30601355
28125776
25383049
24370390
26407421
27397439
25921990
27880348
27576514
28620224
29295137
27972146
29556902
30281178
31518313
31370471
30514036
28182709
26168560
27342276
28555980
30333692
31170241
33399079
28915728
32269872
30660809
30821959
31984726
32131593
30765640
30746665
33274943
30027084
31250316
30817368
32843869
31162455
30438333
33230548
33894767
33978260
32485087
32774775
30990770
35107360
33977065
36496866
38414523
37844441
38222290
38858616
38562770
35493722
37569386
36968789
37439816
37167568
38528095
38962064
38945135
41944093
39366341
43207924
43682850
43933482
42561758
44037661
43843558
44124862
43249876
43917412
44930191
43141964
44999358
47303113
47554999
45514569
44781928
45957867
45069867
46564123
41285594
43169679
42073779
45229631
42874393
43924578
43578453
44525075
46824456
45005489
44172695
40276446
44346324
45344400
40468660
38076725
36960415
37689780
37551377
31151289
34044668
33393138
35469929
37970100
37919294
36305597
39416285
37797619
39979258
38101284
38806051
37055349
35399087
34241230
36587249
36029139
34674113
35311494
36005937
33060591
34072475
33377219
32332622
34007983
33309538
29861254
29528488
34480007
35093150
35943742
36587415
37647759
35123590
33180805
40409873
40205217
38374638
37513896
35612485
35864500
33584086
33828624
37143390
36267318
36720460
38457596
33542647
36379472
35745088
36201983
36808175
39039302
39190058
39035279
38974480
36426456
40332187
38640651
40369137
38740232
35350166
38378658
40062594
39875396
39372245
40414079
41747024
41514175
39387793
43966975
44780819
43741844
44804899
45220433
43404913
42018903
44432938
45361201
42676255
38483316
40669367
40855332
39539306
43020393
44127558
44311949
40907018
41757819
39970066
38675707
41591798
44526391
42571663
41516611
39927772
39548851
42337784
43642650
48175217
43405548
45385482
45295607
50398953
44658675
47449087
52782749
53929642
54556851
54185752
51863356
53679577
54274672
55274263
58943922
59328635
51341984
48132972
51624348
52468810
58258370
52113206
53504372
52275198
52322993
47488228
54939714
57913387
58356655
58059248
61494755
54878528
59698695
63608178
66863614
64733629
64365151
62566525
66738460
68487129
72796566
68350118
59169762
66755371
66915607
64450890
64108505
59407188
56025070
56844432
65128577
65421536
63221993
66664095
61337117
65837824
63138563
65061573
61311465
61537950
59086811
57029727
60291013
63338272
64156593
66709098
51839269
63726828
68067279
67821703
71013360
76754512
71523825
68953467