2.290102499
2.362657311
2.539492735
2.405568638
2.418105546
2.583581446
2.402275769
2.31915368
2.268549825
2.14109699
2.203563201
2.211921024
2.056854399
1.885885987
1.880968953
1.953886847
1.957174534
1.912534837
1.791012455
1.684800755
1.715941507
1.518543431
1.428846691
1.440645797
1.535551453
1.600572442
1.47523533
1.412635643
1.393307046
1.405708358
1.92596915
2.032391503
2.15534489
2.028511604
2.252786688
2.000194697
1.896790484
2.017595354
1.919820809
2.040679131
2.262358998
2.197190779
2.117886192
2.070684202
2.099258903
2.381429683
2.151813535
2.273388487
2.259914141
2.264612998
1.901905045
1.859262987
1.890375956
1.913342978
1.965246985
1.982115584
2.117381961
2.096751319
1.858485553
1.978660335
1.851301552
1.830633589
1.670368617
1.66493735
1.576507891
1.44966928
1.490849713
1.566571104
1.590457215
1.752967647
1.779209479
1.677764317
1.699778561
1.668308559
1.563348351
1.543420537
1.49288377
1.206243024
1.363459012
1.445884806
1.328260798
1.306540128
1.51912825
1.676068535
1.537839088
1.515807496
1.841140876
1.802628913
2.14770799
2.421784607
2.161868957
1.923185464
2.367409285
3.234482123
3.388588369
3.473732232
3.10762749
3.586764677
3.520762209
3.278193489
3.255779395
3.4518655
3.815984156
3.77514664
3.641431312
3.729115837
2.998811475
3.341360079
3.501568303
3.631707075
3.713999633
4.032884054
3.699511535
3.817402068
3.864348593
4.233485773
4.263968589
4.594574803
5.257321085
5.721470794
6.416246734
6.706647732
6.117657912
6.657339688
7.908749784
7.840138331
9.021720125
9.200179305
9.228804888
8.713969624
8.727632198
8.847305421
8.30280603
8.231931006
9.012662633
11.440869402
10.044733825
11.113402937
14.423730533
15.158277945
17.47180364
13.811009066
13.668935959
13.310965119
13.030769066
15.030085686
14.010086254
14.131003509
13.115024094
12.631070179
13.068095513
13.917187045
13.640225837
14.866607085
14.233539654
15.976571419
14.59862313
15.318478664
14.567314052
14.163365885
13.68931374
14.277756264
14.268675676
14.182866697
14.27580403
14.306229755
14.870337482
14.194567786
13.603938164
12.964522758
14.749054072
16.566437254
18.008069673
18.884890866
19.175755752
19.486631944
19.055450516
19.738319246
22.598963045
24.022829116
22.942985836
24.989549184
26.674732954
27.005146372
27.784698123
26.833966062
27.817769827
28.523980512
27.569507268
26.451516361
27.829491943
25.280265043
25.010979153
32.430006667
31.7251483
31.687792725
32.313621893
39.041801593
37.066889704
40.74492272
47.661589423
44.496480662
43.217965398
45.03962011
42.5819452
42.995296352
49.663394136
46.934528546
46.087808946
42.701894096
44.893093488
43.437826971
43.072134334
45.685673296
44.35912616
42.960486002
44.724395819
43.621578369
41.109968984
42.87180003
43.46242757
47.176667836
46.861759617
56.202009029
35.758844161
44.525702625
38.431601447
31.614601895
24.767639791
30.985467371
30.006449526
35.650253645
33.65934259
29.021948393
27.557204163
28.562287427
32.662122598
30.985238146
34.188048855
39.706675451
37.599162218
39.340010888
42.259887053
38.19473237
41.41714833
42.077652526
41.205960702
36.090380972
36.568375267
38.820386099
39.644057802
39.699499977
39.547660891
39.327217848
36.624102573
35.260484779
35.284274899
26.595381369
26.729201466
30.879003728
31.440532812
29.237259234
29.374776219
31.674662811
33.114180869
33.922932677
35.834402517
33.556171133
33.958907842
34.465506205
34.448848755
33.120055451
34.291237667
36.65727454
33.514143901
33.531852631
31.939202343
32.123292236
30.953474027
29.162068234
31.236001018
28.323537435
26.263232828
26.791687555
26.893938949
24.816200542
23.858446097
26.672396973
27.762978036
28.376067774
28.590333033
28.318817766
28.096697946
27.951131013
27.871801252
31.416576334
32.252691819
36.248760355
34.172511669
33.27511835
34.340120266
35.905482604
37.479835125
39.539902916
39.382626343
37.665819621
38.762501211
40.662989809
41.799492654
41.190149572
44.692840143
44.062802366
53.678348158
62.277080292
64.303437107
74.004801956
73.048516769
78.448704333
74.217925583
73.125592059
75.970336411
71.212808236
71.510940215
76.113619636
87.968207314
97.066668332
94.009774123
109.646732839
108.706376402
110.817816095
128.674186463
146.357594482
139.594089916
142.135614167
164.56092376
173.31109531
189.344453313
188.275941581
178.319570001
177.942401903
174.88132072
169.277346931
157.377993504
158.596339838
151.948341102
147.584334435
170.109824012
153.326441718
133.368724743
122.692388617
148.329354191
150.38965318
139.314145975
136.835452629
135.79593311
136.259521481
130.604891908
135.279162815
141.183746492
161.374029498
169.208843847
172.855870204
167.87790975
164.36927639
154.094623609
154.259885066
158.914611083
157.33542144
147.696272817
144.859107945
152.000788299
148.392053959
150.091363224
162.982174817
158.273702862
159.863492024
157.375324891
156.390680649
175.601956292
189.059318904
197.833899688
198.30695225
203.165288953
211.190801508
199.75011389
183.54274957
195.086259663
199.784532548
193.337853738
202.391447187
203.814207792
220.653811487
242.046141874
249.062885676
237.889461433
259.239558287
250.364793232
248.822498664
239.420426681
233.073669766
234.864332413
229.398557311
241.33480046
239.514472537
238.764627504
220.097641633
219.105555346
195.078506569
215.834944212
218.329399687
232.441145628
216.399006846
222.098158232
205.548652751
209.79215191
192.147426178
192.136199824
200.461419494
204.35042328
208.705589094
229.448723971
232.57222784
212.133885313
200.941310449
196.568947087
193.891731903
190.372571142
194.301168646
181.751580185
169.461070451
171.844564719
173.73511343
155.084897686
161.060185569
178.261933766
176.805584744
175.790638414
182.970566957
179.938398835
174.371158717
180.126019195
178.573981506
190.512159298
190.440368748
193.289253876
198.197401286
196.039179395
178.29769922
171.272314632
172.50889438
170.196608265
178.888797623
176.321499895
170.570838867
168.039484871
155.716706647
150.723624658
136.613308635
142.376914911
140.970690194
135.982152751
140.263369245
151.922253844
146.899162512
146.312836363
147.703510039
147.942367675
140.048372386
141.634144063
135.593620537
128.569484502
111.775427864
94.515410781
99.691622175
91.915411316
95.092828643
92.24801292
89.601586142
91.425802679
96.178691282
93.402529029
99.889847536
110.127323306
101.829216452
100.878320347
112.480795183
114.333154124
115.283478134
117.671873138
113.697455496
114.343587424
106.418102622
96.463244313
95.700034291
93.367145049
96.442242434
104.850696731
101.956132595
93.404523584
90.108990561
91.60559214
90.803166419
83.143871405
86.572697227
85.269030883
89.051327269
92.736415567
90.107985222
85.568196666
99.579174003
98.758452476
100.789865232
95.558826294
88.245162852
89.788951885
84.639235839
82.067249189
82.253606745
88.185052839
83.025008019
80.691213674
81.609997734
78.998181997
81.168701945
82.944390639
87.849935084
87.967687761
89.905953753
92.404085324
88.596188021
88.770172951
90.504135871
94.919758453
102.18022832
98.646742683
101.641210405
106.909849725
106.240018922
111.746446465
120.698542176
122.761304208
134.370927883
132.26554398
136.674540837
132.344983677
126.605680478
112.529025547
118.688395114
109.691487697
113.006456052
112.174159721
99.452525319
103.503034987
104.844476901
100.739238447
101.347278656
102.311925888
100.442598085
102.265351438
108.541046969
105.595260699
101.802881746
100.639140182
100.764793272
99.171286711
101.293442643
95.713022469
98.367844892
98.004850939
94.094840797
85.302983562
89.738346174
87.604985126
85.88113183
92.820618351
84.621826968
81.760312515
79.190980121
74.922411298
63.590803752
66.731974921
50.320557648
44.649071599
48.604749743
52.536930167
58.84520718
53.648727558
57.419766465
49.761966379
52.332264069
49.584632313
50.343522594
52.767400508
49.120440243
49.636798975
48.05613485
43.546922401
40.997538164
44.464812436
44.929185542
47.193880534
45.971778747
40.240408408
40.889861237
38.275788609
38.977511865
38.463225068
42.410600975
39.549881179
38.842475414
39.968293957
37.084796895
33.807388422
30.743227017
28.192966388
29.71678759
34.488080806
30.070683494
30.872720499
31.819208712
34.192055034
35.46904236
36.13937945
34.230125895
38.211823188
42.47722028
42.386373142
39.498441762
38.501069358
35.326033592
33.915011462
33.314595529
33.03847781
33.42207503
33.447827019
36.77949394
35.321968875
37.09265793
38.546664352
38.594429443
38.060133132
36.726735901
33.50915025
32.818931544
34.946498676
37.175977285
37.440451113
39.601468307
38.624226648
43.681278214
44.926625771
42.191294391
43.185893527
40.575092356
40.125865684
40.985226292
36.700211997
36.228181649
40.295449314
42.831212766
42.139888725
43.803473906
42.480003092
41.701427705
40.212028138
38.634063075
38.94463728
40.49691747
40.175510214
40.646219845
42.156823142
40.490157365
42.295780397
42.752870416
45.340525054
46.627628186
44.977699284
43.902581229
43.252083874
40.556285538
39.618894866
35.989795429
35.23183017
36.532724085
35.489795182
35.705064719
34.98161284
35.347366539
31.786422329
31.639231915
30.630708246
32.467622605
31.46046207
31.453501865
31.627520446
31.196467701
31.076260105
32.144924405
32.215809829
30.932571058
32.752400781
33.606513047
34.707446929
35.151104088
34.904716675
37.344616215
33.059732666
34.071010519
33.064248381
32.182233079
33.761845637
31.088750468
32.713430992
31.405493504
30.82514946
32.467917402
33.711951195
33.503878949
32.327869241
33.852395313
32.76612156
33.303299964
33.935995673
33.249663516
32.455790817
32.097025489
32.983933305
34.129791464
34.093222576
33.337753892
32.918392376
32.600000893
32.905193275
31.969712978
30.788288217
31.14122415
30.582693637
30.035899215
29.576743642
30.166911023
31.244752368
30.20117255
28.896837887
28.066217683
28.106224235
28.02334388
29.236688693
28.270009128
30.941262468
31.282585848
30.645340018
32.113873029
32.839447
32.907188157
32.601269385
32.241011166
30.788368557
30.826600438
33.78843206
36.718402106
32.773198253
29.549317195
24.228110657
14.004070065
17.835598022
16.625391939
14.705480178
13.252557222
14.096615435
14.355239175
14.355619333
13.664868403
13.297631137
12.88468162
12.345453782
11.9181341
12.435189582
14.415475822
14.592503903
14.075605372
14.165189223
14.106428307
13.343102977
13.37408533
14.147104839
13.509181414
13.765463207
13.334397065
13.776809958
13.873608445
14.297707877
13.536826034
13.693154352
13.612942245
13.58588106
13.439475287
13.323956781
13.828059313
14.149132609
13.994455002
12.272262833
12.525815065
12.416580463
11.935662354
12.280549823
12.119428779
11.794712289
11.800554937
11.470319694
11.400966654
11.301306467
11.080348904
9.770824846
9.59779522
9.888231244
9.961462943
9.973949403
11.26637743
13.355392393
13.456292702
13.438480175
13.524493422
13.088904148
14.366071146
16.30229978
16.203193608
16.463404027
16.615747688
18.279734594
24.30286202
22.837523287
23.585951945
22.881587442
20.857634345
21.414560031
25.575834872
24.665286595
24.271834896
24.426628022
22.789340076
24.660403145
24.363229019
24.413747575
23.986175814
26.177676357
23.96333534
23.961391317
24.98330584
24.319489956
24.686496999
24.352020663
23.513631913
22.716952472
23.904209861
23.20655514
20.437682981
20.123843927
20.844937333
21.440767911
20.78474471
21.845218318
23.889195937
22.344600846
23.193970761
23.451341761
24.810534026
26.035007652
24.921009759
24.170080336
23.924387027
23.058352704
22.410354409
23.230913069
22.693578144
21.915750684
22.50579765
21.974016557
21.406769225
20.955534666
21.002570685
20.630964333
20.272742155
18.427916427
17.333062116
18.212698188
18.068481613
20.338156877
20.377080652
20.979934755
19.336400031
19.832811858
21.64462764
21.317462569
22.022111232
22.322024084
22.740206349
21.578068069
22.306155318
20.77377095
20.593698856
20.982289382
19.957540215
20.499340518
21.132333913
20.574404776
21.205401852
21.083500216
20.565439369
20.436690295
20.921100641
20.982374355
20.609002527
20.4837853
20.042581305
20.304336691
20.875123146
23.00565469
23.830532666
24.427710245
24.773713997
24.076086969
25.295764682
24.582472272
24.828831956
22.669218348
22.178785074
21.256329976
21.85149833
21.499272947
21.388123623
21.939612472
21.256247529
22.337864024
23.374818189
23.128401674
22.998321616
22.007485753
22.262824662
22.21964186
21.741800974
22.818606232
21.986706406
22.002452286
20.656684641
20.656981168
20.975704628
20.254402671
20.920162304
20.899582668
20.936961537
21.037748292
20.686212718
21.05820536
20.345195788
20.351526847
20.269684813
19.630800783
19.55876279
20.046909389
19.214323127
19.256144696
19.366999513
20.405231601
20.815122817
20.573657844
21.248387396
20.820426867
20.512888561
21.25712617
21.148206268
21.86975012
20.082497256
20.399316366
18.649409113
18.918867862
17.319852048
15.712291031
15.552165715
15.219121442
14.996084137
14.511891317
14.741774826
15.305652844
15.626354273
15.434485234
16.038762253
16.625143403
17.263202092
16.64539258
17.100927586
16.630627584
16.960119709
16.284012804
16.604087505
15.996424736
17.998439801
18.930359849
18.612769705
19.446733325
19.205214383
19.218958873
18.972151107
19.919047782
21.43877643
21.896701112
21.351397376
21.302647128
22.06823399
21.9976278
25.99036847
26.708371434
27.351375943
27.365079998
26.861798043
25.526176389
26.353311685
25.335069319
25.589509995
24.456784685
24.773703505
23.422633571
23.26771663
25.151987837
25.093488054
24.825803971
25.16504797
24.266784359
23.75665878
23.925546559
23.134812664
22.654451935
22.809920321
22.625091866
23.160311514
23.05200018
24.203816825
24.384610251
24.618873211
24.579809864
24.891819067
24.223294008
25.147724877
23.875641318
22.8463677
21.646961803
21.33019624
21.878330239
21.747537101
21.202109146
20.553892056
21.672558527
21.026152019
20.392834534
20.273815271
20.781187139
20.562540138
21.75688982
20.840938893
19.731186022
19.339387541
19.46854294
19.576390063
19.491905828
20.270462384
19.625034432
19.887886505
19.595984997
19.44047978
18.241559983
17.705129864
17.944446184
18.403573351
18.829900592
19.173121827
19.126902794
18.803112818
19.640147031
20.042098734
20.287247896
19.470117691
19.437726516
19.47116415
19.351752066
19.394881051
19.017087018
19.127865294
19.946203297
20.294161364
21.387052433
23.881496311
23.409946755
23.546636569
23.142790237
22.719916973
23.431637955
23.293820294
23.249166694
22.111446362
22.107080974
21.96097231
21.265440112
21.82647376
22.004566143
21.9162317
23.98138194
23.971056118
23.434057785
24.942676656
27.034557905
29.355573342
29.021387043
31.736583272
30.133994926
32.405323088
32.714317132
31.765434431
31.646807666
32.81601052
34.956993014
38.481647307
41.414208275
40.146033594
39.517597513
42.247239673
41.243035972
42.093540749
43.109920402
43.249257479
45.358054333
56.672751743
56.46969151
55.963015422
52.210161268
56.847243996
65.421182497
57.859365496
58.087499062
58.437851048
61.468220897
56.387561225
52.038471442
57.639854891
56.625681938
56.873058152
58.813196653
57.655630415
55.122286326
58.21650838
59.132384074
59.17998718
59.823584862
63.541888419
63.016995642
61.551259296
60.902560895
62.232044533
67.693864605
74.842164016
72.422224065
74.423579813
70.202415595
68.529238711
70.738396529
75.655888009
72.618143828
73.38959657
71.093046125
74.340927118
72.611449911
82.098525902
93.938076489
98.078002241
107.639817174
112.448358435
121.446593256
112.32551605
106.977054143
102.253824762
106.252560716
101.988835398
101.333178378
109.444081629
106.663173513
98.618625629
104.840781517
99.795277815
93.675958306
88.924546193
97.658741692
98.751513729
102.413481811
99.985908802
91.499749287
95.633347266
94.118635911
94.396740164
97.556764269
101.501259573
94.280131867
93.325201056
92.589764003
91.162355909
83.43623261
84.097712046
88.974037975
86.983350382
92.364751456
94.074186206
95.966566188
101.419996257
101.491122904
96.93179951
97.790031241
100.465480631
97.767138095
95.472109662
95.668019338
96.91999535
100.862019785
102.903668557
107.034035922
108.991461434
107.423812536
112.036818186
112.599111649
116.976106557
113.599394251
110.501550569
108.928510232
112.21541635
111.27808859
108.564120843
105.342633818
102.041779653
100.09194937
104.188725903
103.438623964
109.845097403
108.17696263
117.430284138
125.681816763
130.047058624
129.88165325
130.306119719
133.323715551
126.391123397
130.667064191
144.105032565
145.191461015
144.817148493
144.257715556
148.793279353
150.729869271
163.625796532
176.22299974
183.924283489
180.801738422
202.518911857
196.345293424
169.597556296
191.441878114
179.554464408
173.455636344
173.453772641
184.021864164
188.996854659
191.236145074
186.138943757
189.574990613
192.027265857
194.481043565
202.814325362
192.725249895
181.440943411
185.51116281
183.821463165
175.168163412
178.959703557
179.582187498
180.642873446
172.546637423
173.121960644
172.696159022
153.768281154
140.181150632
151.54672239
138.413849094
136.416049172
132.531150826
142.131716681
143.244966284
150.51709294
148.741463084
156.992172139
154.693857744
147.745093189
144.987929223
139.259006736
141.581808817
137.717884712
137.671479636
127.0390831
134.753621251
137.915648671
143.549872997
146.111043192
145.685712745
152.654863397
148.18697724
142.51601977
152.725547058
146.310497877
145.308354402
143.587315713
147.144662214
142.084486489
158.01312799
159.145338546
169.499707006
172.450839373
170.067347539
186.324922722
178.174491932
176.868847584
176.064059194
167.766878011
168.369791514
163.358599747
169.814425375
168.750557731
168.135469363
167.014473333
165.913530282
165.963235008
163.118540948
164.812549497
171.728128612
173.769571451
170.37271995
162.453204979
158.180750521
162.063709361
158.886371616
149.301843937
154.857042435
147.23468433
143.021431306
145.281901084
150.655603227
143.20197942
137.462993732
135.403094032
133.442569409
134.513294893
133.486084728
128.540281729
132.337786582
136.513745013
136.441513435
149.230754195
139.725947061
139.866898521
146.428696412
146.347377828
153.639224494
140.72420099
127.934845258
134.419854054
143.101093143
131.853044007
139.317687968
141.457066752
141.922657163
136.07413158
139.362192704
141.675243731
147.954839717
159.923871126
160.782543029
155.401606184
159.014591424
169.216310531
174.101648647
184.451249963
178.980874669
173.033255653
178.018935764
171.696384086
183.084473934
184.668612773
184.788359157
182.543521258
179.039193397
171.973991278
167.887836655
152.410684155
143.12748726
137.555035327
129.697705793
143.643413901
145.142449714
163.046507284
156.481026104
153.892468049
141.471287988
146.52219296
146.771846931
143.867318564
142.881625367
139.12318667
141.688809383
142.466083589
144.573801603
142.515830208
142.523869368
143.254279448
152.92873751
160.640240938
158.63304409
157.039373936
146.824312944
143.833172282
139.925977817
138.219754925
135.299685735
128.791066239
134.98461608
127.582776297
133.568179996
129.273729989
124.887949285
127.687734203
129.92115178
134.879413694
135.53520634
132.602793148
136.20912396
138.973341781
137.184158651
131.622670746
131.520401839
131.521378696
133.613859472
142.685743375
146.478827747
149.668432323
144.839732795
144.88610361
152.887187674
148.108293625
155.466115623
157.797958769
156.959062768
158.623421884
152.544034212
145.208964058
140.44843275
136.653936475
143.164768022
142.740665308
146.348536045
144.212656586
143.433850489
139.326350397
138.762155171
145.318343206
146.581062277
147.492290868
157.345929299
154.622633322
154.26358991
150.273060804
155.072751417
159.59268197
166.573580833
166.376034106
167.211349373
171.313904057
177.373061257
164.344759594
170.560353393
176.625966854
178.14045831
179.368611132
175.079103061
168.402522412
166.288210254
165.995027944
162.667917996
157.607223085
166.511436039
187.168535331
196.20253923
199.833366943
200.168570863
210.187842466
222.643790263
213.067290536
215.083022766
209.36805133
219.085690062
216.05467212
237.466553661
239.777420427
237.913287691
236.040124328
257.250718577
256.247902297
254.698973559
253.638932506
234.537521554
230.779141195
242.466786847
237.652738086
243.700896646
238.163476679
237.547188276
225.528361012
234.992586354
229.066699215
237.300858723
237.006468683
238.893297398
237.57854563
217.617378423
213.526872063
227.073141376
227.02574746
224.595463317
219.87183626
224.53658893
216.5154496
222.74032966
205.363302398
194.901981569
194.121984505
181.028907839
180.152993819
189.842186177
197.500985973
197.357659274
188.144566272
183.748663855
194.827651117
189.928413016
190.700665088
189.451683668
193.646791442
207.878626769
217.647289485
216.683648263
213.448235417
218.420976711
202.492545725
197.452067663
185.011135087
187.820116747
188.063250765
188.391942891
183.114288501
187.704525202
205.758548006
211.23399374
219.779054008
262.561576459
251.974885503
242.471504102
250.398490839
256.114334378
253.495031315
253.626378854
257.074299697