1.400567179
1.326912526
1.30901654
1.335342073
1.280845071
1.145639505
1.181978912
1.181598604
1.079040553
1.117922227
1.098908888
1.160726893
1.21482457
1.165471257
1.213737918
1.143768497
1.132540772
1.12879244
1.073195339
1.058964799
1.05734537
0.9859535266
0.9864726643
0.9945585216
1.002605321
1.063991921
1.043003957
1.004961601
0.9782248126
0.946090962
0.9490422096
0.9349483311
0.963233228
0.8187850614
0.8385264996
0.7632292249
0.7395497079
0.7458647507
0.6175099248
0.6092776934
0.6713173697
0.7065914268
0.6604368479
0.6566471301
0.7057917415
0.7532416934
0.7172679497
0.7836597215
0.8241599419
0.8337669684
0.8085036289
0.7971244392
0.7547715007
0.7453467729
0.7235424525
0.7204883806
0.6648730556
0.680356007
0.6906588651
0.688094585
0.6899442713
0.6973958591
0.6870499963
0.6625881295
0.6517059315
0.6600909599
0.6520490585
0.6585718136
0.6549754789
0.6553414311
0.6563418432
0.6988129569
0.6805916697
0.682341943
0.6725866484
0.7220625056
0.7398736334
0.7102786862
0.689183872
0.6842529274
0.6910828033
0.6794753702
0.6370586397
0.6374616295
0.6341662011
0.6302142126
0.6305469789
0.6394881414
0.6213552127
0.6327446277
0.64632082
0.6129886477
0.5929448525
0.5921193651
0.5914341601
0.5908534459
0.5820246989
0.5950100322
0.595515816
0.6040175353
0.6048150892
0.6077523668
0.5977587869
0.599195629
0.5629960327
0.5260105284
0.4735912436
0.4844218893
0.5557574959
0.5444008574
0.5142687007
0.5373534448
0.6021143905
0.5711023872
0.5561133342
0.5893662869
0.5825023414
0.5476703781
0.5457791309
0.5259025043
0.499746624
0.488133685
0.4906357216
0.4838369644
0.4830226608
0.4906711606
0.4809597798
0.4848338832
0.481410435
0.4809687231
0.4550238844
0.4254091158
0.4276706772
0.4426831197
0.4450334114
0.4461968266
0.4651812299
0.4354177553
0.4486850637
0.4544107806
0.4464895986
0.4393752415
0.4450258373
0.4452892932
0.437573817
0.4421868768
0.438536317
0.4367374353
0.4461531465
0.480587822
0.4705643387
0.5039469164
0.4680463199
0.4442023559
0.4421882402
0.4348256654
0.4433177341
0.4423561451
0.4383611634
0.4156390694
0.4155970825
0.4094701032
0.4070862648
0.4130630579
0.4156738261
0.4099290096
0.4116987549
0.3810072128
0.3828878382
0.3711488294
0.3831992245
0.3905136119
0.4032619953
0.4190755205
0.4327499428
0.4356002691
0.440612199
0.4312750603
0.4649136824
0.4532508661
0.4635290147
0.443281402
0.4654157207
0.4583192999
0.4551023317
0.5050742293
0.5020974541
0.5246233941
0.5246525997
0.5817920428
0.5572584074
0.6145587035
0.5942383803
0.6193960525
0.6059428573
0.5683165647
0.6196243585
0.5659634988
0.5504691762
0.5456976636
0.5647902604
0.5552902001
0.5071756836
0.5565727088
0.5874802585
0.6276981952
0.6556191274
0.6357355243
0.593086608
0.6175351434
0.600149642
0.5965311362
0.6131850026
0.6256435789
0.616948562
0.630344879
0.6434557972
0.6213230218
0.6704174386
0.7070589952
0.6776664081
0.6917194564
0.6279541976
0.6573796794
0.6538465421
0.6549798068
0.6177220616
0.6298836487
0.6113786649
0.6089535533
0.6786394488
0.6856735215
0.6873805019
0.6967250985
0.7497066649
0.7165638127
0.8149005525
0.8873017631
0.831103057
0.7982179171
0.8043423115
0.8106643385
0.7770881977
0.8431751915
0.9048458086
0.8424850529
0.8549785445
0.8937038438
0.8322231658
0.7989934039
0.8622677336
0.7979643227
0.841040211
1.087480239
1.172495266
1.293070049
1.261094601
1.376222706
1.276943691
1.287920629
1.156025146
1.163577014
1.098169614
1.067326741
1.068368377
1.186140141
1.29385767
1.175814161
1.445807711
1.391325607
1.333442088
1.566851419
1.547156528
1.520639376
1.528694208
1.463400376
1.433193472
1.467769611
1.571918226
1.519515992
1.548178003
1.530725021
1.764741151
1.732739066
1.695569232
1.766444458
1.864060968
1.908548954
1.869951982
1.811935098
1.766063888
1.79823088
1.773659559
1.720898463
1.69184646
1.725574391
1.606930369
1.635108623
1.647660108
1.670015112
1.610905873
1.594805653
1.681795876
1.691388724
1.622557657
1.559801724
1.489743717
1.404927122
1.476804036
1.584017909
1.550516392
1.587537158
1.55455632
1.5746994
1.596218261
1.618672028
1.57083642
1.488027905
1.616806963
1.600161993
1.526586852
1.651121646
1.747710843
1.824509514
1.714994452
1.648191596
1.681861149
1.70481008
1.887542823
2.09091835
2.023449757
1.909310495
1.881978647
1.914499844
1.941135999
1.734495783
1.672238227
1.682708938
1.612923397
1.626014816
1.639863151
1.711804984
1.577819478
1.519211921
1.490338552
1.243465068
1.070042533
1.197567966
1.171818938
1.22545159
1.25706446
1.251373433
1.338744269
1.429473534
1.369631017
1.391778756
1.322860211
1.25110403
1.224290655
1.173939671
1.214533551
1.216474935
1.19187683
1.142037733
1.147889062
1.122784333
1.112422373
1.089898297
1.093838104
1.094029526
1.081004899
1.013323203
1.025919472
1.008158226
0.9920339895
1.003243468
0.967053646
0.8948903679
0.9912787922
1.026599215
1.078297378
1.080815798
1.028560861
1.145093345
1.13874834
1.105804977
1.073627414
1.069059916
1.062156735
1.041765577
1.071793921
1.030979573
1.015421293
1.014511624
1.025604594
1.024711749
1.01551178
1.040443603
1.054319088
1.104862862
1.113124383
1.078242293
1.105915361
1.093820823
1.034663905
0.9934121052
1.017908587
0.9640404426
0.9299118734
0.9421634734
0.9683621878
0.8918081457
0.8003960358
0.8641681463
0.8927184489
0.9176559805
0.8902963859
0.8800875138
0.8950638146
0.8781512338
0.8291758198
0.8338127336
0.7893133296
0.7805002326
0.8188768437
0.8074924803
0.8230749312
0.7759799305
0.6729526085
0.6433569125
0.6947499259
0.6391187117
0.673264033
0.7407145598
0.736529327
0.7567293932
0.7483359415
0.7578917896
0.8063515579
0.8482756159
0.8688391367
0.8414893708
0.8105826455
0.8540672663
0.8501681237
0.8594745435
0.8327665123
0.8151957513
0.7705172665
0.7489739142
0.7878981583
0.7863832733
0.749411908
0.7399554297
0.7079849634
0.7073463189
0.6959465938
0.6368368388
0.611198484
0.5744891779
0.536927258
0.6005973089
0.6158400194
0.8579542506
0.8559412438
0.9208032639
0.8753509703
1.014672469
0.9551872585
0.9314694764
0.8419446603
0.8121953878
0.8286296078
0.8237211195
0.907021442
0.8718780667
0.8506085079
0.8507863771
1.013864744
1.021088692
0.9966227398
0.9288230364
0.8500848795
0.8126308435
0.8038747973
0.8326983712
0.7973909056
0.7634092761
0.78534264
0.7867496126
0.8096799251
0.7973588403
0.8360236142
0.8904694796
0.9359090586
0.9534666569
0.9186918246
0.9321412454
1.041028943
1.028359361
1.040705345
1.082591081
1.043405149
1.168463729
1.294705716
1.385863768
1.465501538
1.489305652
1.578048699
1.534456306
1.747364668
1.699061964
1.648812033
1.659523548
1.690081932
1.761490665
1.775959061
1.769941768
1.840038767
1.675711883
1.772526394
1.758109906
1.840997223
2.029031213
1.987707797
1.876915469
1.831494795
2.053148015
2.241703994
2.340898782
2.250291251
2.050724437
2.083965606
2.022632929
2.128873031
2.064906678
2.126240569
2.014617081
1.936054394
1.978838946
1.934664218
1.732044874
1.795231748
1.750545626
1.776052223
2.064018067
2.094011626
1.973385304
1.991717876
1.91117399
1.952599422
1.854421118
2.006968034
2.305517259
2.31623665
2.293973872
2.76716021
3.02942335
3.241340397
3.241128292
3.289113913
3.346733085
3.61239904
3.7586616
3.793604744
3.70575843
3.732134791
3.54465643
3.642549277
3.564788974
3.440663833
3.395517788
3.193987046
3.437336376
3.438391514
3.44771421
3.489883336
3.4903216
3.474409098
3.392018448
3.710231796
3.672106409
4.220303251
4.220492383
4.260439775
4.253308414
3.825906764
3.712431039
4.372282472
4.620513669
4.743800545
4.460467012
4.81989527
4.628558396
4.636098451
4.329300805
4.092943477
4.564787327
4.357367685
4.302460454
4.707136765
4.612287906
4.507653053
4.187332112
4.08014612
4.205090487
4.103428704
4.169404697
4.118603016
4.269666584
4.351738581
4.959400557
5.297819505
5.237884048
5.080190137
4.792710835
4.888628497
4.747202481
5.141553549
4.971392505
4.733488582
4.747511518
4.587792819
4.850329636
4.757792147
4.856106026
5.015581196
4.50274255
4.382287309
4.65941545
4.462930905
4.315608358
4.187984871
4.138278217