304215
731760
563329
423634
340044
370289
279156
369971
344080
255834
198819
214101
331643
241757
165759
167446
473266
341247
193558
163772
178580
161316
153492
146222
134462
131374
184442
143030
186987
180290
175755
207920
273992
233902
226212
237345
270846
183809
177970
150104
358727
183926
141003
136503
153083
138461
131605
128477
174749
260024
234744
249483
253493
296945
393561
344538
186477
250205
342091
435450
411390
438986
424099
415036
558237
6951390
13342636
10708430
13360452
13878686
15727181
20017852
22211809
23287427
25865623
26023676
28632055
31621739
41689912
42181040
43396586
49101046
59347514
65016607
60366215
66190001
21490405
2190114
2303620
2764735
1613832
1478994
1483927
1382427
1120464
848337
1080273
1185003
1345748
1395625
1324798
1541611
1614135
1627963
1491725
1937286
1975407
2323457
2258481
2253413
1603145
1718809
1677337
1743227
1785800
1855775
2401433
2308501
2292181
1615026
1676644
1432201
1189154
1181183
2318343
1813795
1044544
1320417
840055
745113
772198
824977
832293
814255
748837
715565
687482
684812
726193
711084
675789
476972
628731
604068
595343
644328
634035
565692
779841
671922
588389
625419
684594
674451
659987
770445
873538
803087
871835
903304
881974
915730
884275
1170100
1531399
1290684
1426760
1572965
1551860
1625092
1860707
2024804
2067502
2280587
2360515
2340485
2481152
2133855
2545462
3190361
3426684
3387659
3783476
4810605
5367980
5775762
5373100
5198661
4698649
4357778
4583216
3112660
1737101
1646063
1657268
1707785
1692342
1753660
1766202
1706857
1658550
1678402
1690062
1636941
1651318
1675806
1606979
1629392
1638377
1652469
1661197
1849953
1990165
1695977
1640450
1722978
1749759
1701066
1814419
1693873
1608690
1615425
1758012
1728998
1800237
1785621
3803031
11243616
3608868
3581129
2910638
1926498
1911468
4684531
11308258
2010469
2013716
1930368
2816274
1831587
1898194
1728924
1745702
1831784
5922871
8495614
1745708
2245870
2227693
1895932
1859479
1214110
1183373
1099429
1269214
1342842
1343334
1364785
1288681
1302533
1283032
1246091
1108559
1095657
1302041
1320787
1265296
1194214
1210384
1140341
1188169
1244069
1227314
1349109
1186659
1169673
1141050
1199719
1267300
1312314
1379749
1136004
1298300
1148562
1154991
1290111
1388317
1418168
1381548
1294477
1214980
1207759
1276937
1378661
1428718
1382661
1355942
1259985
1216686
1294302
1346094
1569832
1567559
1386738
1291254
1318527
1449199
1680262
1572039
1482832
1433425
1234890
1234058
1420804
1588035
1371685
1455263
1573322
1602925
1502289
1529781
1751217
1617158
1594331
1544547
1322173
1324543
1397356
1544661
1749107
1589617
1661769
1521297
1406054
1766326
1699817
1603985
1471340
1564874
1481813
1586969
1597051
1676225
1660193
1490199
1629758
1836159
1995694
3550689
1771900
1721151
1811794
1955906
1667461
1611002
1728754
1562430
1783901
1687178
1684084
1630521
1506607
1641542
1716736
1846240
11760119
40966143
36156807
37825516
30102578
17869844
11325766
8610137
5396214
5597147
7664471
10393325
11060708
10923338
11409844
12095965
14681691
17200598
16916732
17539887
15009166
16121760
14804989
14825984
12252443
12463310
11008821
10141659
8964196
8835463
8000691
8441551
7865681
6755185
6419987
6283604
8067610
6694428
4539625
4291106
4322672
4250007
4162358
4040485
4003538
3993514
4523201
4514587
4075949
3917840
3813588
3840390
3828855
3788473
3597712
3607287
3605272
3223838
2530996
2419255
2563566
2526392
2527638
2649489
2444720
2487092
2596102
2851096
2632527
2538928
2497303
2458921
2191607
2314264
2381603
2368938
2259829
2041418
2020891
1903074
1816955
2012523
2094366
2078591
2357540
2895106
3167393
3121924
3307453
3552272
3902625
3923009
3820567
3317818
3443302
3779014
3386646
3552487
3414973
3506038
3428664
3321327
3602591
3430827
3309250
3238994
3308358
3246240
3197363
3296571
3274177
3221156
3021244
3280570
3296294
3231480
3358167
3454029
3551475
3357389
3325120
3186132
3415013
3568208
3606910
3430052
3372058
3537421
3437810
3591358
3699180
3398607
3933722
4435594
4517944
4470986
4558674
4723780
4502507
4765039
4836965
4910018
4608866
4638896
4612830
5273727
5225336
4639684
4920386
4249540
4259024
4220565
4354950
4754257
7342676
27938440
58370857
54137491
49302407
30872533
24936294
19878410
17518234
7543018
7413683
8220444
8042367
7978509
8876630
9654001
9085295
10222742
8188670
4974000
4764176
4818784
4570239
4375614
4413754
4614821
4845892
4614849
4495318
4580692
4126917
4156779
4365385
4097283
4698217
4506196
4529380
4594350
5250147
5448020
5258963
5386515
5700418
5243049
5906137
5808925
5642219
5421545
5743774
5517539
9005134
8139833
6097707
5620167
7146580
6609521
5891239
5465096
5456853
4878492
5076364
5405671
5446982
6111914
5376951
5171227
5170984
6000917
5864776
5796902
6123823
5687727
5431686
5597868
6070315
5769563
5925091
6392795
6669008
5673038
5530734
5939277
5355439
4647356
5602014
5538442
5271596
5032975
5277380
5107365
4861447
5106482
5347491
5661878
5124314
5269250
5506363
6067127
6103774
5356674
4203092
3917222
4820934
4513362
4319090
4430472
4340852
4427273
4740786
4903189
4289209
3586259
3764384
3532315
3207186